id express priority volume weight reward duration
0 0 2 17 13 1930 1059
1 0 2 20 13 1874 433
2 0 2 9 13 1178 422
3 0 2 6 13 1110 771
4 0 2 23 13 1686 238
5 0 2 29 13 645 136
6 0 2 8 13 982 1021
7 0 2 20 13 1884 379
8 0 2 18 13 1606 214
9 0 2 6 13 828 237
10 0 2 22 13 1430 340
11 0 2 8 13 1344 899
12 0 2 9 13 1162 333
13 0 2 12 13 302 605
14 0 2 4 13 339 506
15 0 2 24 13 309 402
16 0 2 17 13 1562 336
17 0 2 10 13 1849 183
18 0 2 7 13 282 917
19 0 2 5 13 374 826
20 0 2 27 13 821 133
21 0 2 15 13 1393 550
22 0 2 4 13 1414 420
23 0 2 12 13 1060 889
24 0 2 18 13 1743 1070
25 0 2 29 13 1546 321
26 0 2 13 13 1057 238
27 0 2 4 13 571 550
28 0 2 4 13 798 387
29 0 2 6 13 600 687
30 0 2 24 13 1751 230
31 0 2 21 13 1212 392
32 0 2 29 13 1583 516
33 0 2 19 13 1155 227
34 0 2 29 13 979 364
35 0 2 23 13 1584 963
36 0 2 16 13 1250 941
37 0 2 3 13 1445 457
38 0 2 19 13 1515 1090
39 0 2 13 13 1411 295
40 0 2 23 13 1774 1087
41 0 2 13 13 479 987
42 0 2 13 13 271 565
43 0 2 18 13 319 268
44 0 2 12 13 1397 820
45 0 2 21 13 1741 901
46 0 2 14 13 338 585
47 0 2 17 13 1173 210
48 0 2 6 13 1272 458
49 0 2 7 13 1679 384
50 0 2 7 13 864 1042
51 0 2 19 13 1073 882
52 0 2 18 13 835 997
53 0 2 5 13 601 805
54 0 2 29 13 1117 618
55 0 2 24 13 1378 861
56 0 2 28 13 489 1026
57 0 2 19 13 1137 201
58 0 2 24 13 428 687
59 0 2 16 13 805 595
60 0 2 18 13 686 286
61 0 2 8 13 446 227
62 0 2 5 13 1600 551
63 0 2 9 13 1255 152
64 0 2 5 13 760 163
65 0 2 11 13 735 1044
66 0 2 28 13 1409 653
67 0 2 17 13 1930 1043
68 0 2 4 13 1488 398
69 0 2 22 13 471 831
70 0 2 16 13 1990 812
71 0 2 14 13 1081 483
72 0 2 17 13 1659 517
73 0 2 3 13 753 321
74 0 2 18 13 1316 519
75 0 2 23 13 1342 431
76 0 2 29 13 422 990
77 0 2 10 13 331 591
78 0 2 15 13 1154 588
79 0 2 17 13 264 706
80 0 2 17 13 1775 292
81 0 2 12 13 1797 889
82 0 2 3 13 1312 710
83 0 2 24 13 1835 895
84 0 2 14 13 1439 894
85 0 2 3 13 690 396
86 0 2 19 13 1471 946
87 0 2 16 13 942 959
88 0 2 26 13 1527 933
89 0 2 15 13 1687 607
90 0 2 16 13 881 576
91 0 2 7 13 831 1031
92 0 2 26 14 1819 914
93 0 2 16 14 1139 764
94 0 2 18 14 1491 1009
95 0 2 17 14 1172 756
96 0 2 17 14 1124 970
97 0 2 28 14 1626 289
98 0 2 18 14 1073 508
99 0 2 18 14 1684 327
100 0 2 26 14 1646 1071
101 0 2 13 14 1922 1075
102 0 2 4 14 485 452
103 0 2 19 14 1013 421
104 0 2 3 14 310 147
105 0 2 28 14 1492 725
106 0 2 10 14 1325 1067
107 0 2 8 14 262 288
108 0 2 14 14 1130 639
109 0 2 17 14 1087 531
110 0 2 21 14 442 432
111 0 2 14 14 1913 567
112 0 2 23 14 1633 318
113 0 2 25 14 1459 302
114 0 2 7 14 1763 936
115 0 2 26 14 1017 594
116 0 2 26 14 1686 456
117 0 2 22 14 1024 254
118 0 2 19 14 1693 881
119 0 2 7 14 1169 462
120 0 2 29 14 868 580
121 0 2 13 14 728 732
122 0 2 24 14 1348 1010
123 0 2 6 14 1581 820
124 0 2 28 14 568 622
125 0 2 25 14 885 973
126 0 2 28 14 1806 904
127 0 2 13 14 552 189
128 0 2 23 14 1413 934
129 0 2 4 14 1619 285
130 0 2 20 14 1382 393
131 0 2 18 14 1887 731
132 0 2 4 14 823 971
133 0 2 8 14 1901 239
134 0 2 6 14 553 974
135 0 2 12 14 1758 172
136 0 2 10 14 1704 573
137 0 2 25 14 1493 141
138 0 2 10 14 1028 181
139 0 2 7 14 570 323
140 0 2 11 14 242 210
141 0 2 9 14 755 179
142 0 2 13 14 290 269
143 0 2 10 14 766 911
144 0 2 20 14 1786 719
145 0 2 6 14 433 276
146 0 2 20 14 415 467
147 0 2 4 14 1064 858
148 0 2 9 14 382 1065
149 0 2 20 14 764 1045
150 0 2 20 14 678 223
151 0 2 24 14 1412 463
152 0 2 17 14 513 371
153 0 2 29 14 595 120
154 0 2 21 14 1553 895
155 0 2 12 14 1637 930
156 0 2 24 14 983 312
157 0 2 28 14 1529 630
158 0 2 17 14 1044 816
159 0 2 18 14 1239 331
160 0 2 20 14 1012 1043
161 0 2 18 14 988 755
162 0 2 23 14 1637 123
163 0 2 12 14 1237 199
164 0 2 6 14 253 918
165 0 2 19 14 1006 1091
166 0 2 10 14 713 704
167 0 2 27 14 1009 629
168 0 2 16 14 1481 520
169 0 2 10 14 693 1079
170 0 2 20 14 414 447
171 0 2 7 14 1903 1075
172 0 2 28 14 1114 849
173 0 2 12 14 762 799
174 0 2 6 14 1778 353
175 0 2 12 14 773 921
176 0 2 22 14 1857 262
177 0 2 18 14 657 1002
178 0 2 15 14 371 288
179 0 2 8 14 1787 964
180 0 2 5 14 939 924
181 0 2 7 14 1544 352
182 0 2 28 14 548 769
183 0 2 25 14 213 754
184 0 2 3 14 409 466
185 0 2 27 14 997 823
186 0 2 23 14 1762 335
187 0 2 29 14 1172 580
188 0 2 7 14 1895 949
189 0 2 16 14 1113 452
190 0 2 12 14 1000 311
191 0 2 5 14 1027 841
192 0 2 4 14 606 521
193 0 2 16 14 861 890
194 0 2 25 14 1086 996
195 0 2 19 14 338 545
196 0 2 4 14 909 974
197 0 2 22 14 665 194
198 0 2 25 14 1474 271
199 0 2 12 15 887 604
200 0 2 9 15 600 295
201 0 2 20 15 1642 908
202 0 2 18 15 954 612
203 0 2 18 15 1226 647
204 0 2 6 15 668 855
205 0 2 9 15 1946 485
206 0 2 17 15 1418 551
207 0 2 9 15 597 741
208 0 2 29 15 581 433
209 0 2 6 15 1353 369
210 0 2 6 15 751 152
211 0 2 28 15 364 974
212 0 2 10 15 1658 491
213 0 2 16 15 445 538
214 0 2 22 15 650 430
215 0 2 26 15 822 665
216 0 2 21 15 1189 1007
217 0 2 22 15 1516 945
218 0 2 8 15 1755 322
219 0 2 8 15 319 289
220 0 2 29 15 935 192
221 0 2 14 15 1629 873
222 0 2 19 15 1847 1077
223 0 2 15 15 1824 991
224 0 2 9 15 1011 876
225 0 2 22 15 295 912
226 0 2 24 15 751 372
227 0 2 17 15 245 860
228 0 2 5 15 1767 106
229 0 2 25 15 1857 431
230 0 2 29 15 816 672
231 0 2 19 15 1011 971
232 0 2 4 15 1493 267
233 0 2 19 15 699 734
234 0 2 18 15 826 232
235 0 2 19 15 641 871
236 0 2 12 15 1924 386
237 0 2 20 15 913 214
238 0 2 21 15 1670 783
239 0 2 25 15 746 338
240 0 2 25 15 311 387
241 0 2 7 15 249 802
242 0 2 24 15 1295 265
243 0 2 3 15 703 157
244 0 2 29 15 1483 623
245 0 2 25 15 1280 611
246 0 2 9 15 1162 880
247 0 2 8 15 1093 365
248 0 2 4 15 1223 192
249 0 2 17 15 1103 586
250 0 2 11 15 1386 332
251 0 2 18 15 1340 291
252 0 2 24 15 1622 746
253 0 2 12 15 1205 1024
254 0 2 22 15 1446 891
255 0 2 22 15 324 664
256 0 2 29 15 1827 901
257 0 2 4 15 1240 892
258 0 2 22 15 833 1015
259 0 2 14 15 1217 1085
260 0 2 6 15 632 452
261 0 2 20 15 1493 584
262 0 2 19 15 848 592
263 0 2 16 15 1366 464
264 0 2 29 15 1241 873
265 0 2 21 15 1939 596
266 0 2 21 15 538 362
267 0 2 13 15 1466 180
268 0 2 17 15 833 295
269 0 2 11 15 1390 107
270 0 2 9 15 1366 1087
271 0 2 23 15 730 618
272 0 2 7 15 728 261
273 0 2 24 15 1850 365
274 0 2 23 15 232 120
275 0 2 23 15 204 1008
276 0 2 28 15 1696 903
277 0 2 17 15 1805 671
278 0 2 11 15 576 119
279 0 2 20 15 422 1053
280 0 2 17 15 575 530
281 0 2 26 15 1098 361
282 0 2 14 15 1746 586
283 0 2 13 15 1117 444
284 0 2 27 15 844 523
285 0 2 26 15 824 427
286 0 2 22 15 929 722
287 0 2 29 15 1272 725
288 0 2 4 15 1265 910
289 0 2 7 15 1798 892
290 0 2 20 15 1016 497
291 0 2 8 15 1525 734
292 0 2 6 15 1446 1080
293 0 2 12 15 1520 718
294 0 2 4 15 1748 247
295 0 2 14 15 431 584
296 0 2 28 15 424 866
297 0 2 3 15 310 1065
298 0 2 12 15 559 142
299 0 2 16 15 1217 213
300 0 2 29 15 840 1091
301 0 2 12 15 1005 628
302 0 2 28 15 1954 458
303 0 2 24 15 723 263
304 0 2 13 15 364 869
305 0 2 7 15 1072 1087
306 0 2 14 15 1400 204
307 0 2 22 15 1506 633
308 0 2 20 15 1787 167
309 0 2 16 15 1012 245
310 0 2 23 15 1607 644
311 0 2 8 15 1988 954
312 0 2 4 15 1690 745
313 0 2 13 15 1917 329
314 0 2 28 15 1970 860
315 0 2 9 15 1439 447
316 0 2 8 16 1642 400
317 0 2 5 16 1580 406
318 0 2 29 16 1868 235
319 0 2 25 16 783 1090
320 0 2 5 16 1549 524
321 0 2 8 16 1528 996
322 0 2 4 16 1829 904
323 0 2 18 16 1822 261
324 0 2 12 16 758 680
325 0 2 20 16 259 714
326 0 2 3 16 1130 499
327 0 2 15 16 1872 729
328 0 2 28 16 1756 802
329 0 2 15 16 1456 451
330 0 2 24 16 1706 316
331 0 2 18 16 1701 533
332 0 2 22 16 1235 825
333 0 2 7 16 220 259
334 0 2 4 16 211 287
335 0 2 25 16 1694 103
336 0 2 22 16 375 104
337 0 2 13 16 385 646
338 0 2 3 16 1683 155
339 0 2 9 16 311 399
340 0 2 5 16 1808 205
341 0 2 19 16 1598 235
342 0 2 24 16 1064 744
343 0 2 19 16 458 138
344 0 2 15 16 1571 134
345 0 2 16 16 958 818
346 0 2 14 16 916 240
347 0 2 16 16 293 480
348 0 2 13 16 1042 132
349 0 2 14 16 1563 583
350 0 2 18 16 1875 535
351 0 2 8 16 1329 550
352 0 2 20 16 862 542
353 0 2 9 16 813 404
354 0 2 16 16 724 692
355 0 2 10 16 1456 645
356 0 2 10 16 286 840
357 0 2 25 16 319 186
358 0 2 11 16 466 283
359 0 2 24 16 1765 247
360 0 2 29 16 1527 458
361 0 2 14 16 1099 423
362 0 2 14 16 1526 730
363 0 2 8 16 1757 619
364 0 2 20 16 1740 874
365 0 2 14 16 1836 781
366 0 2 5 16 1361 851
367 0 2 24 16 1359 1058
368 0 2 11 16 509 803
369 0 2 6 16 654 753
370 0 2 24 16 1310 730
371 0 2 11 16 1823 761
372 0 2 3 16 992 651
373 0 2 12 16 1455 602
374 0 2 9 16 1216 964
375 0 2 4 16 1484 987
376 0 2 12 16 1157 942
377 0 2 29 16 1884 1065
378 0 2 28 16 1525 102
379 0 2 12 16 383 393
380 0 2 6 16 921 656
381 0 2 28 16 297 424
382 0 2 29 16 1981 276
383 0 2 13 16 1689 1087
384 0 2 5 16 524 414
385 0 2 3 16 590 125
386 0 2 21 16 860 209
387 0 2 28 16 594 862
388 0 2 7 16 1461 273
389 0 2 18 16 1661 232
390 0 2 26 16 435 1020
391 0 2 9 16 626 353
392 0 2 3 16 757 779
393 0 2 26 16 1034 530
394 0 2 20 16 1094 518
395 0 2 6 16 443 453
396 0 2 11 16 944 788
397 0 2 22 16 1329 474
398 0 2 5 16 1438 589
399 0 2 13 16 1374 420
400 0 2 3 16 1640 448
401 0 2 29 16 466 931
402 0 2 12 16 1138 1001
403 0 2 27 16 546 986
404 0 2 3 16 890 948
405 0 2 17 16 701 1051
406 0 2 10 16 654 176
407 0 2 5 16 845 417
408 0 2 6 16 1945 593
409 0 2 15 17 1924 1007
410 0 2 20 17 501 429
411 0 2 23 17 1536 672
412 0 2 18 17 450 228
413 0 2 11 17 1692 195
414 0 2 7 17 977 752
415 0 2 8 17 1904 680
416 0 2 25 17 1123 496
417 0 2 3 17 451 1045
418 0 2 28 17 1807 106
419 0 2 20 17 1439 460
420 0 2 6 17 1270 590
421 0 2 17 17 571 933
422 0 2 24 17 368 849
423 0 2 8 17 1778 645
424 0 2 17 17 1645 351
425 0 2 13 17 326 924
426 0 2 8 17 1136 327
427 0 2 25 17 1857 205
428 0 2 12 17 989 163
429 0 2 15 17 1341 118
430 0 2 12 17 735 1015
431 0 2 4 17 1916 740
432 0 2 18 17 1628 944
433 0 2 14 17 603 474
434 0 2 20 17 978 836
435 0 2 11 17 1263 857
436 0 2 8 17 554 879
437 0 2 8 17 1295 836
438 0 2 18 17 475 1097
439 0 2 25 17 287 105
440 0 2 10 17 1753 687
441 0 2 25 17 572 945
442 0 2 19 17 1033 1054
443 0 2 7 17 1678 544
444 0 2 5 17 843 538
445 0 2 5 17 210 519
446 0 2 9 17 1931 922
447 0 2 17 17 972 650
448 0 2 7 17 1514 689
449 0 2 27 17 1309 980
450 0 2 19 17 965 199
451 0 2 26 17 1479 1052
452 0 2 7 17 1085 825
453 0 2 8 17 415 276
454 0 2 7 17 1276 100
455 0 2 16 17 822 500
456 0 2 22 17 671 643
457 0 2 15 17 944 214
458 0 2 23 17 807 826
459 0 2 19 17 1104 210
460 0 2 15 17 1262 551
461 0 2 8 17 487 682
462 0 2 20 17 1185 543
463 0 2 4 17 1676 1041
464 0 2 15 17 1242 375
465 0 2 6 17 227 971
466 0 2 12 17 1150 313
467 0 2 12 17 1967 900
468 0 2 5 17 1414 816
469 0 2 13 17 536 223
470 0 2 19 17 1642 1054
471 0 2 26 17 1745 1021
472 0 2 23 17 258 359
473 0 2 24 17 818 526
474 0 2 7 17 746 227
475 0 2 4 17 595 102
476 0 2 6 17 1004 740
477 0 2 23 17 1284 841
478 0 2 12 17 394 881
479 0 2 6 17 1365 902
480 0 2 16 17 1213 902
481 0 2 13 17 1701 109
482 0 2 14 17 514 229
483 0 2 25 17 323 792
484 0 2 26 17 1753 102
485 0 2 14 17 1183 782
486 0 2 26 17 1389 777
487 0 2 18 17 1455 1060
488 0 2 14 17 1527 345
489 0 2 16 17 1793 307
490 0 2 13 17 1889 180
491 0 2 18 17 1347 161
492 0 2 12 17 591 771
493 0 2 16 17 221 1091
494 0 2 11 17 1753 106
495 0 2 6 17 1976 361
496 0 2 15 17 312 1062
497 0 2 9 17 898 714
498 0 2 20 17 1708 1045
499 0 2 3 17 476 555
500 0 2 4 17 720 961
501 0 2 12 17 334 502
502 0 2 23 17 203 1094
503 0 2 16 17 1031 359
504 0 2 27 17 486 464
505 0 2 15 18 518 184
506 0 2 27 18 924 730
507 0 2 20 18 1202 228
508 0 2 3 18 1291 661
509 0 2 9 18 1182 915
510 0 2 4 18 1685 334
511 0 2 24 18 1708 698
512 0 2 16 18 1281 706
513 0 2 14 18 683 112
514 0 2 18 18 815 171
515 0 2 28 18 1817 375
516 0 2 23 18 1862 457
517 0 2 6 18 1122 969
518 0 2 25 18 1629 603
519 0 2 14 18 1105 1059
520 0 2 10 18 349 907
521 0 2 27 18 1867 722
522 0 2 7 18 1162 625
523 0 2 17 18 1189 703
524 0 2 9 18 681 707
525 0 2 20 18 1341 304
526 0 2 5 18 1379 653
527 0 2 28 18 631 836
528 0 2 26 18 794 237
529 0 2 9 18 790 1038
530 0 2 4 18 1439 691
531 0 2 9 18 1965 1068
532 0 2 23 18 1125 894
533 0 2 22 18 1649 830
534 0 2 27 18 1214 355
535 0 2 18 18 1738 918
536 0 2 15 18 887 404
537 0 2 9 18 1611 208
538 0 2 27 18 385 392
539 0 2 12 18 815 673
540 0 2 11 18 1023 932
541 0 2 27 18 653 827
542 0 2 15 18 1514 942
543 0 2 28 18 611 344
544 0 2 20 18 1370 990
545 0 2 16 18 1172 683
546 0 2 11 18 396 614
547 0 2 26 18 1789 410
548 0 2 3 18 1427 898
549 0 2 20 18 1197 334
550 0 2 24 18 759 1089
551 0 2 27 18 1513 974
552 0 2 8 18 304 1058
553 0 2 28 18 1833 695
554 0 2 6 18 1419 1003
555 0 2 28 18 1308 213
556 0 2 24 18 1076 312
557 0 2 17 18 1918 834
558 0 2 7 18 987 455
559 0 2 21 18 267 961
560 0 2 4 18 1908 201
561 0 2 8 18 1904 708
562 0 2 7 18 938 205
563 0 2 11 18 1981 1038
564 0 2 20 18 434 525
565 0 2 17 18 1931 420
566 0 2 19 18 385 1058
567 0 2 16 18 1533 926
568 0 2 8 18 1684 164
569 0 2 24 18 602 147
570 0 2 28 18 1679 309
571 0 2 13 18 1870 1001
572 0 2 5 18 1147 366
573 0 2 26 18 1498 990
574 0 2 14 18 708 638
575 0 2 12 18 1390 1034
576 0 2 5 18 566 370
577 0 2 16 18 651 146
578 0 2 24 18 1116 813
579 0 2 19 18 1679 511
580 0 2 18 18 1926 744
581 0 2 16 18 1247 1076
582 0 2 29 18 480 806
583 0 2 9 18 1510 239
584 0 2 27 18 1747 1060
585 0 2 13 18 1358 556
586 0 2 11 18 1310 1018
587 0 2 23 18 267 882
588 0 2 6 18 650 736
589 0 2 29 18 1566 755
590 0 2 6 18 512 1053
591 0 2 17 18 1940 844
592 0 2 14 18 1057 727
593 0 2 28 19 1810 979
594 0 2 4 19 388 1018
595 0 2 11 19 1239 658
596 0 2 9 19 1989 883
597 0 2 9 19 853 648
598 0 2 16 19 553 948
599 0 2 3 19 1723 116
600 0 2 17 19 562 151
601 0 2 20 19 1961 266
602 0 2 19 19 1189 1066
603 0 2 27 19 808 140
604 0 2 23 19 1065 250
605 0 2 27 19 1668 975
606 0 2 26 19 1252 457
607 0 2 11 19 1393 337
608 0 2 24 19 1418 570
609 0 2 12 19 382 769
610 0 2 10 19 657 228
611 0 2 13 19 1660 882
612 0 2 4 19 259 203
613 0 2 7 19 967 508
614 0 2 14 19 1650 203
615 0 2 17 19 1913 419
616 0 2 22 19 1054 441
617 0 2 3 19 451 576
618 0 2 15 19 1807 738
619 0 2 5 19 558 866
620 0 2 17 19 856 1076
621 0 2 7 19 269 976
622 0 2 23 19 1234 432
623 0 2 5 19 1797 754
624 0 2 6 19 1791 888
625 0 2 13 19 441 1031
626 0 2 16 19 1059 819
627 0 2 28 19 1492 1023
628 0 2 12 19 1294 291
629 0 2 6 19 1911 597
630 0 2 23 19 1546 826
631 0 2 11 19 1284 649
632 0 2 25 19 1554 229
633 0 2 10 19 1362 1057
634 0 2 26 19 1573 477
635 0 2 7 19 1373 1043
636 0 2 16 19 1356 210
637 0 2 13 19 1655 528
638 0 2 27 19 282 854
639 0 2 22 19 797 551
640 0 2 19 19 438 785
641 0 2 21 19 1197 501
642 0 2 21 19 1331 129
643 0 2 23 19 1337 948
644 0 2 22 19 1415 941
645 0 2 10 19 1152 235
646 0 2 16 19 1239 1076
647 0 2 5 19 528 496
648 0 2 16 19 1857 601
649 0 2 6 19 953 139
650 0 2 9 19 1160 828
651 0 2 15 19 1775 471
652 0 2 24 19 298 820
653 0 2 12 19 1293 466
654 0 2 27 19 1760 269
655 0 2 29 19 368 652
656 0 2 3 19 1388 128
657 0 2 12 19 1726 282
658 0 2 26 19 1752 748
659 0 2 18 19 245 135
660 0 2 20 19 1990 685
661 0 2 22 19 1042 457
662 0 2 10 19 1829 966
663 0 2 23 19 1144 1100
664 0 2 28 19 991 297
665 0 2 14 19 1625 840
666 0 2 17 19 1896 695
667 0 2 18 19 1641 1073
668 0 2 8 19 1853 709
669 0 2 11 19 351 579
670 0 2 5 19 841 1014
671 0 2 3 20 1070 221
672 0 2 16 20 1157 225
673 0 2 13 20 1355 470
674 0 2 15 20 1142 357
675 0 2 17 20 1659 340
676 0 2 16 20 459 907
677 0 2 15 20 1928 184
678 0 2 4 20 1194 942
679 0 2 15 20 1580 761
680 0 2 14 20 681 277
681 0 2 24 20 440 534
682 0 2 10 20 1794 135
683 0 2 29 20 1661 644
684 0 2 21 20 1809 1098
685 0 2 19 20 420 755
686 0 2 10 20 489 862
687 0 2 7 20 1982 576
688 0 2 28 20 1056 1096
689 0 2 11 20 905 839
690 0 2 22 20 306 590
691 0 2 8 20 1497 317
692 0 2 16 20 1694 878
693 0 2 12 20 520 755
694 0 2 16 20 1260 410
695 0 2 4 20 889 376
696 0 2 4 20 1322 505
697 0 2 17 20 1485 961
698 0 2 24 20 227 151
699 0 2 15 20 352 1008
700 0 2 20 20 380 681
701 0 2 25 20 405 604
702 0 2 25 20 473 859
703 0 2 26 20 1375 353
704 0 2 27 20 1438 791
705 0 2 4 20 651 913
706 0 2 15 20 966 447
707 0 2 7 20 1612 610
708 0 2 15 20 1047 618
709 0 2 13 20 1730 851
710 0 2 27 20 1265 279
711 0 2 11 20 808 399
712 0 2 8 20 431 418
713 0 2 20 20 922 970
714 0 2 24 20 813 282
715 0 2 29 20 465 554
716 0 2 29 20 1898 462
717 0 2 16 20 696 345
718 0 2 29 20 1503 569
719 0 2 16 20 1615 975
720 0 2 6 20 888 373
721 0 2 15 20 726 310
722 0 2 25 20 1321 229
723 0 2 15 20 1059 136
724 0 2 8 20 1794 778
725 0 2 14 20 1934 365
726 0 2 3 20 1857 1032
727 0 2 5 20 1094 434
728 0 2 7 20 454 908
729 0 2 18 20 1740 632
730 0 2 14 20 1081 418
731 0 2 22 20 1454 736
732 0 2 24 20 1455 374
733 0 2 14 20 1401 807
734 0 2 24 20 1367 546
735 0 2 12 20 888 888
736 0 2 27 20 1098 416
737 0 2 11 20 279 1012
738 0 2 10 20 716 210
739 0 2 28 20 1724 478
740 0 2 9 20 1585 222
741 0 2 20 20 911 895
742 0 2 20 20 1476 563
743 0 2 22 20 726 572
744 0 2 27 20 1731 235
745 0 2 8 20 721 815
746 0 2 9 20 942 785
747 0 2 19 20 1782 355
748 0 2 4 20 895 633
749 0 2 3 20 619 1096
750 0 2 14 20 1359 751
751 0 2 23 20 962 170
752 0 2 18 20 838 906
753 0 2 17 20 1480 661
754 0 2 14 20 1185 444
755 0 2 28 20 1843 744
756 0 2 26 20 521 675
757 0 2 4 20 1842 1082
758 0 2 19 20 1680 1006
759 0 2 4 20 1958 829
760 0 2 17 20 666 1018
761 0 2 14 20 1072 574
762 0 2 25 20 1812 1033
763 0 2 29 20 1914 1061
764 0 2 9 20 343 919
765 0 2 22 20 754 608
766 0 2 4 20 1326 461
767 0 2 15 20 803 177
768 0 2 25 20 1156 884
769 0 2 3 20 1961 683
770 0 2 7 20 1818 236
771 0 2 25 20 1085 222
772 0 2 11 20 1045 1013
773 0 2 23 20 1635 888
774 0 2 3 20 1209 553
775 0 2 13 21 1929 981
776 0 2 5 21 1352 233
777 0 2 16 21 567 237
778 0 2 29 21 1561 429
779 0 2 29 21 1013 301
780 0 2 28 21 1822 818
781 0 2 19 21 415 267
782 0 2 5 21 313 796
783 0 2 22 21 1291 125
784 0 2 18 21 955 151
785 0 2 16 21 1436 1027
786 0 2 5 21 793 708
787 0 2 10 21 1312 347
788 0 2 4 21 477 767
789 0 2 14 21 224 206
790 0 2 10 21 1233 121
791 0 2 25 21 1859 1031
792 0 2 24 21 710 826
793 0 2 29 21 1516 270
794 0 2 20 21 1261 642
795 0 2 17 21 203 163
796 0 2 28 21 1294 1039
797 0 2 26 21 1946 839
798 0 2 7 21 780 603
799 0 2 16 21 885 215
800 0 2 24 21 1165 564
801 0 2 15 21 1895 509
802 0 2 3 21 269 742
803 0 2 6 21 1435 415
804 0 2 20 21 643 336
805 0 2 27 21 874 1000
806 0 2 21 21 1345 114
807 0 2 29 21 499 499
808 0 2 21 21 387 581
809 0 2 19 21 1869 564
810 0 2 13 21 641 897
811 0 2 18 21 1242 830
812 0 2 20 21 1964 706
813 0 2 8 21 409 414
814 0 2 22 21 1503 1078
815 0 2 17 21 1438 292
816 0 2 8 21 274 373
817 0 2 15 21 1496 297
818 0 2 25 21 1240 589
819 0 2 8 21 1242 517
820 0 2 16 21 267 175
821 0 2 5 21 1772 330
822 0 2 28 21 1180 833
823 0 2 16 21 1487 788
824 0 2 15 21 1327 1040
825 0 2 24 21 1411 976
826 0 2 27 21 1707 868
827 0 2 22 21 1866 130
828 0 2 17 21 1826 108
829 0 2 21 21 1769 223
830 0 2 7 21 1490 421
831 0 2 22 21 1864 191
832 0 2 11 21 1666 495
833 0 2 3 21 1969 589
834 0 2 7 21 1538 1031
835 0 2 28 21 578 603
836 0 2 15 21 1900 924
837 0 2 16 21 1238 958
838 0 2 15 21 622 361
839 0 2 3 21 791 522
840 0 2 5 21 1162 198
841 0 2 3 21 1811 612
842 0 2 17 21 1781 841
843 0 2 29 21 1914 751
844 0 2 26 21 1772 561
845 0 2 11 21 769 941
846 0 2 13 21 1902 681
847 0 2 17 21 1904 120
848 0 2 19 21 1539 935
849 0 2 18 21 790 538
850 0 2 25 21 1910 753
851 0 2 11 21 327 454
852 0 2 23 21 262 253
853 0 2 17 21 1474 1062
854 0 2 6 21 243 782
855 0 2 26 21 1162 266
856 0 2 19 21 651 284
857 0 2 6 21 636 957
858 0 2 5 21 1788 985
859 0 2 5 21 389 381
860 0 2 14 21 1167 261
861 0 2 5 21 1729 235
862 0 2 29 21 1009 640
863 0 2 22 21 530 322
864 0 2 3 21 1863 436
865 0 2 15 21 744 625
866 0 2 10 21 1189 717
867 0 2 21 21 1158 343
868 0 2 23 21 1474 384
869 0 2 10 21 949 437
870 0 2 22 21 691 222
871 0 2 26 21 1127 883
872 0 2 4 21 311 956
873 0 2 19 21 1149 1042
874 0 2 3 21 976 1002
875 0 2 12 21 838 252
876 0 2 23 21 1713 225
877 0 2 9 21 1926 110
878 0 2 10 21 769 645
879 0 2 6 21 1868 452
880 0 2 7 21 457 552
881 0 2 23 21 1454 207
882 0 2 20 21 208 770
883 0 2 20 21 821 924
884 0 2 19 21 292 161
885 0 2 27 21 822 741
886 0 2 11 21 815 949
887 0 2 23 21 1355 1045
888 0 2 26 21 1847 113
889 0 2 12 21 657 402
890 0 2 27 21 850 186
891 0 2 15 21 1625 854
892 0 2 6 22 1987 175
893 0 2 17 22 1008 355
894 0 2 17 22 641 972
895 0 2 5 22 679 885
896 0 2 23 22 1836 1021
897 0 2 4 22 1397 820
898 0 2 16 22 1098 835
899 0 2 13 22 1192 469
900 0 2 29 22 951 694
901 0 2 28 22 1523 141
902 0 2 22 22 1712 234
903 0 2 26 22 462 117
904 0 2 27 22 379 537
905 0 2 22 22 1901 218
906 0 2 15 22 928 1028
907 0 2 8 22 1169 548
908 0 2 27 22 1750 102
909 0 2 23 22 1305 921
910 0 2 29 22 1947 957
911 0 2 26 22 1773 522
912 0 2 26 22 1613 1058
913 0 2 25 22 677 511
914 0 2 11 22 902 911
915 0 2 14 22 1091 499
916 0 2 7 22 1505 374
917 0 2 8 22 1358 373
918 0 2 24 22 295 239
919 0 2 10 22 1725 1056
920 0 2 27 22 1315 623
921 0 2 3 22 1597 623
922 0 2 22 22 398 739
923 0 2 4 22 645 661
924 0 2 17 22 265 307
925 0 2 24 22 1067 1049
926 0 2 27 22 591 842
927 0 2 8 22 387 100
928 0 2 19 22 1933 547
929 0 2 25 22 1552 754
930 0 2 19 22 1476 876
931 0 2 8 22 541 177
932 0 2 27 22 1627 924
933 0 2 27 22 690 725
934 0 2 13 22 1897 794
935 0 2 29 22 1799 185
936 0 2 24 22 1040 1058
937 0 2 27 22 256 535
938 0 2 13 22 1318 198
939 0 2 26 22 410 570
940 0 2 26 22 1832 661
941 0 2 23 22 1974 598
942 0 2 7 22 1279 895
943 0 2 14 22 1810 279
944 0 2 25 22 694 812
945 0 2 24 22 1707 527
946 0 2 16 22 552 368
947 0 2 11 22 1445 486
948 0 2 21 22 1283 282
949 0 2 5 22 1158 127
950 0 2 10 22 1449 362
951 0 2 14 22 1256 1031
952 0 2 11 22 1899 422
953 0 2 25 22 1300 617
954 0 2 21 22 1097 620
955 0 2 20 22 291 160
956 0 2 14 22 512 331
957 0 2 28 22 330 969
958 0 2 13 22 1185 911
959 0 2 12 22 1267 531
960 0 2 20 22 775 685
961 0 2 8 22 1684 324
962 0 2 22 22 1580 838
963 0 2 23 22 1625 947
964 0 2 27 22 1212 916
965 0 2 6 22 1500 207
966 0 2 21 22 1322 314
967 0 2 14 22 1893 901
968 0 2 25 22 1497 887
969 0 2 14 22 482 235
970 0 2 8 22 207 764
971 0 2 22 22 970 476
972 0 2 14 22 1907 966
973 0 2 23 22 1122 202
974 0 2 28 22 1547 772
975 0 2 11 22 549 387
976 0 2 24 22 1777 635
977 0 2 20 22 1486 208
978 0 2 13 22 287 284
979 0 2 25 22 356 204
980 0 2 15 22 217 573
981 0 2 26 22 1803 1020
982 0 2 7 22 1670 505
983 0 2 17 22 568 1026
984 0 2 18 22 537 197
985 0 2 21 22 1159 552
986 0 2 8 22 1414 885
987 0 2 22 23 1503 953
988 0 2 3 23 396 434
989 0 2 21 23 1718 550
990 0 2 19 23 473 297
991 0 2 7 23 798 779
992 0 2 17 23 1356 368
993 0 2 15 23 1058 883
994 0 2 15 23 1946 1039
995 0 2 24 23 1638 136
996 0 2 10 23 440 371
997 0 2 18 23 1037 832
998 0 2 4 23 1280 828
999 0 2 4 23 1464 623
1000 0 2 4 23 1947 894
1001 0 2 9 23 735 1057
1002 0 2 25 23 860 399
1003 0 2 11 23 852 390
1004 0 2 26 23 226 241
1005 0 2 10 23 647 721
1006 0 2 8 23 557 552
1007 0 2 28 23 1142 489
1008 0 2 22 23 1403 529
1009 0 2 26 23 307 896
1010 0 2 26 23 651 184
1011 0 2 9 23 840 522
1012 0 2 8 23 362 652
1013 0 2 10 23 1382 931
1014 0 2 17 23 1285 195
1015 0 2 7 23 941 828
1016 0 2 26 23 548 428
1017 0 2 9 23 1671 768
1018 0 2 5 23 643 662
1019 0 2 8 23 1803 460
1020 0 2 11 23 946 735
1021 0 2 3 23 1006 993
1022 0 2 7 23 793 245
1023 0 2 11 23 1180 140
1024 0 2 25 23 1058 987
1025 0 2 5 23 1353 565
1026 0 2 16 23 407 358
1027 0 2 11 23 976 791
1028 0 2 22 23 309 234
1029 0 2 17 23 1674 452
1030 0 2 11 23 456 968
1031 0 2 17 23 674 870
1032 0 2 5 23 477 376
1033 0 2 23 23 1073 867
1034 0 2 26 23 1695 174
1035 0 2 13 23 1034 921
1036 0 2 25 23 1018 224
1037 0 2 10 23 313 356
1038 0 2 26 23 1084 999
1039 0 2 15 23 1200 799
1040 0 2 6 23 662 680
1041 0 2 21 23 1380 503
1042 0 2 16 23 761 159
1043 0 2 13 23 1948 482
1044 0 2 15 23 859 830
1045 0 2 19 23 878 186
1046 0 2 26 23 585 1039
1047 0 2 11 23 436 170
1048 0 2 3 23 264 1057
1049 0 2 10 23 637 888
1050 0 2 18 23 1590 522
1051 0 2 9 23 1834 418
1052 0 2 26 23 1220 448
1053 0 2 7 23 1169 420
1054 0 2 15 23 351 495
1055 0 2 23 23 1989 392
1056 0 2 7 23 1780 901
1057 0 2 15 23 1788 911
1058 0 2 25 23 356 139
1059 0 2 16 23 1719 517
1060 0 2 4 23 1238 624
1061 0 2 7 23 829 651
1062 0 2 25 23 1300 900
1063 0 2 7 23 719 387
1064 0 2 14 23 1389 849
1065 0 2 21 23 1221 160
1066 0 2 6 23 1934 1061
1067 0 2 29 23 1642 912
1068 0 2 19 23 811 814
1069 0 2 22 23 252 811
1070 0 2 18 23 1468 1011
1071 0 2 11 23 1726 196
1072 0 2 6 23 1609 994
1073 0 2 14 23 646 858
1074 0 2 8 24 1895 139
1075 0 2 13 24 1916 179
1076 0 2 27 24 878 226
1077 0 2 16 24 1082 161
1078 0 2 9 24 1768 972
1079 0 2 21 24 994 305
1080 0 2 9 24 1118 935
1081 0 2 14 24 1893 388
1082 0 2 8 24 1209 306
1083 0 2 5 24 1865 890
1084 0 2 19 24 966 422
1085 0 2 25 24 1214 700
1086 0 2 22 24 1469 228
1087 0 2 4 24 1025 180
1088 0 2 26 24 1950 784
1089 0 2 3 24 1014 1068
1090 0 2 29 24 1432 284
1091 0 2 24 24 1715 369
1092 0 2 27 24 1027 746
1093 0 2 17 24 1851 854
1094 0 2 16 24 756 931
1095 0 2 7 24 695 511
1096 0 2 22 24 1227 588
1097 0 2 26 24 882 945
1098 0 2 28 24 698 1053
1099 0 2 11 24 1037 853
1100 0 2 25 24 1381 611
1101 0 2 27 24 1884 668
1102 0 2 16 24 1222 486
1103 0 2 5 24 931 721
1104 0 2 17 24 490 311
1105 0 2 19 24 789 109
1106 0 2 16 24 366 909
1107 0 2 28 24 1155 1005
1108 0 2 22 24 1428 621
1109 0 2 4 24 1619 949
1110 0 2 26 24 1283 134
1111 0 2 26 24 1370 270
1112 0 2 4 24 1932 269
1113 0 2 27 24 1413 636
1114 0 2 27 24 1488 593
1115 0 2 24 24 533 959
1116 0 2 6 24 1054 952
1117 0 2 25 24 1759 131
1118 0 2 8 24 691 398
1119 0 2 13 24 297 865
1120 0 2 11 24 1413 764
1121 0 2 24 24 655 183
1122 0 2 16 24 355 285
1123 0 2 15 24 405 265
1124 0 2 15 24 1566 383
1125 0 2 25 24 1258 860
1126 0 2 23 24 239 356
1127 0 2 3 24 818 697
1128 0 2 26 24 1105 651
1129 0 2 5 24 538 806
1130 0 2 20 24 1314 599
1131 0 2 20 24 1213 392
1132 0 2 26 24 1181 740
1133 0 2 13 24 1068 545
1134 0 2 24 24 1575 677
1135 0 2 15 24 1278 513
1136 0 2 13 24 1784 648
1137 0 2 9 24 285 915
1138 0 2 5 24 1244 370
1139 0 2 5 24 733 999
1140 0 2 13 24 403 467
1141 0 2 10 24 650 769
1142 0 2 9 24 966 321
1143 0 2 25 24 670 176
1144 0 2 4 24 1675 1024
1145 0 2 24 24 1065 334
1146 0 2 16 24 1103 284
1147 0 2 13 24 660 107
1148 0 2 26 24 1792 196
1149 0 2 27 24 1050 1096
1150 0 2 20 24 274 292
1151 0 2 28 24 1752 494
1152 0 2 25 24 1508 983
1153 0 2 21 24 858 470
1154 0 2 8 24 1127 434
1155 0 2 9 24 1169 733
1156 0 2 27 24 640 543
1157 0 2 16 24 972 560
1158 0 2 18 24 621 225
1159 0 2 3 24 1885 361
1160 0 2 8 24 648 909
1161 0 2 7 24 1122 698
1162 0 2 27 24 1641 456
1163 0 2 19 24 1172 106
1164 0 2 21 24 975 933
1165 0 2 16 24 1316 530
1166 0 2 17 24 337 397
1167 0 2 13 24 1110 935
1168 0 2 12 24 1198 587
1169 0 2 11 24 568 765
1170 0 2 15 24 1495 234
1171 0 2 22 24 212 488
1172 0 2 25 24 973 245
1173 0 2 18 24 1836 477
1174 0 2 5 24 691 588
1175 0 2 11 24 458 264
1176 0 2 23 24 931 451
1177 0 2 11 24 813 1029
1178 0 2 19 24 1686 162
1179 0 2 22 24 577 981
1180 0 2 14 24 685 977
1181 0 2 25 24 1172 581
1182 0 2 16 24 259 528
1183 0 2 11 25 1061 953
1184 0 2 18 25 896 311
1185 0 2 8 25 830 973
1186 0 2 29 25 1471 635
1187 0 2 23 25 1832 186
1188 0 2 7 25 872 345
1189 0 2 12 25 1067 763
1190 0 2 3 25 1750 781
1191 0 2 27 25 468 344
1192 0 2 22 25 1585 323
1193 0 2 28 25 250 466
1194 0 2 27 25 823 1024
1195 0 2 20 25 1984 967
1196 0 2 3 25 331 474
1197 0 2 6 25 275 865
1198 0 2 8 25 864 449
1199 0 2 13 25 717 708
1200 0 2 16 25 1722 809
1201 0 2 24 25 952 654
1202 0 2 5 25 1099 468
1203 0 2 15 25 1353 985
1204 0 2 10 25 1140 821
1205 0 2 29 25 1742 231
1206 0 2 18 25 800 310
1207 0 2 16 25 1532 633
1208 0 2 20 25 1351 680
1209 0 2 5 25 1700 984
1210 0 2 10 25 1215 450
1211 0 2 15 25 327 823
1212 0 2 6 25 1612 466
1213 0 2 25 25 335 748
1214 0 2 11 25 1632 713
1215 0 2 13 25 841 103
1216 0 2 10 25 894 1087
1217 0 2 20 25 984 1002
1218 0 2 8 25 743 224
1219 0 2 6 25 203 789
1220 0 2 13 25 1209 272
1221 0 2 10 25 981 780
1222 0 2 14 25 1779 971
1223 0 2 6 25 1660 582
1224 0 2 3 25 977 902
1225 0 2 8 25 598 487
1226 0 2 15 25 1702 301
1227 0 2 8 25 365 177
1228 0 2 27 25 938 151
1229 0 2 14 25 854 852
1230 0 2 28 25 942 423
1231 0 2 28 25 476 234
1232 0 2 4 25 1373 480
1233 0 2 9 25 314 912
1234 0 2 18 25 678 393
1235 0 2 17 25 1950 502
1236 0 2 11 25 1275 394
1237 0 2 27 25 1478 689
1238 0 2 23 25 1103 416
1239 0 2 13 25 901 158
1240 0 2 3 25 551 139
1241 0 2 5 25 242 290
1242 0 2 19 25 1879 1042
1243 0 2 16 25 773 549
1244 0 2 3 25 1288 531
1245 0 2 14 25 921 833
1246 0 2 28 25 1411 978
1247 0 2 6 25 930 867
1248 0 2 17 25 293 1015
1249 0 2 9 25 1346 945
1250 0 2 21 25 1557 453
1251 0 2 25 25 783 150
1252 0 2 17 25 1512 917
1253 0 2 21 25 965 804
1254 0 2 27 25 668 304
1255 0 2 17 25 639 269
1256 0 2 17 25 612 182
1257 0 2 27 25 1136 791
1258 0 2 23 25 234 839
1259 0 2 9 25 1147 710
1260 0 2 11 25 1461 401
1261 0 2 20 25 1051 474
1262 0 2 11 25 1085 598
1263 0 2 9 25 1705 1001
1264 0 2 26 25 534 638
1265 0 2 6 25 800 389
1266 0 2 21 25 1411 992
1267 0 2 26 25 608 162
1268 0 2 17 25 1619 1031
1269 0 2 16 25 913 561
1270 0 2 24 25 1444 590
1271 0 2 10 25 407 1035
1272 0 2 22 25 416 766
1273 0 2 17 25 1053 900
1274 0 2 28 25 1488 834
1275 0 2 6 25 816 720
1276 0 2 5 25 1831 912
1277 0 2 21 25 1352 912
1278 0 2 25 25 898 1030
1279 0 2 14 25 760 753
1280 0 2 6 25 1345 787
1281 0 2 24 26 1032 759
1282 0 2 14 26 1713 728
1283 0 2 21 26 833 355
1284 0 2 5 26 1858 299
1285 0 2 7 26 1945 339
1286 0 2 6 26 1013 889
1287 0 2 9 26 1175 1082
1288 0 2 12 26 788 160
1289 0 2 16 26 1046 1070
1290 0 2 4 26 512 560
1291 0 2 25 26 1980 202
1292 0 2 8 26 337 882
1293 0 2 12 26 1098 276
1294 0 2 6 26 237 498
1295 0 2 20 26 804 405
1296 0 2 11 26 1919 778
1297 0 2 9 26 1864 900
1298 0 2 18 26 1794 823
1299 0 2 13 26 892 930
1300 0 2 27 26 710 432
1301 0 2 13 26 737 764
1302 0 2 25 26 1659 515
1303 0 2 13 26 1638 972
1304 0 2 7 26 1735 910
1305 0 2 17 26 1600 583
1306 0 2 24 26 766 755
1307 0 2 27 26 691 457
1308 0 2 7 26 1803 848
1309 0 2 9 26 908 130
1310 0 2 21 26 397 893
1311 0 2 7 26 1988 409
1312 0 2 11 26 888 251
1313 0 2 16 26 877 467
1314 0 2 24 26 571 700
1315 0 2 9 26 462 111
1316 0 2 26 26 1616 418
1317 0 2 18 26 1136 600
1318 0 2 6 26 957 891
1319 0 2 29 26 469 627
1320 0 2 20 26 727 666
1321 0 2 14 26 1214 811
1322 0 2 21 26 330 1033
1323 0 2 25 26 476 807
1324 0 2 14 26 912 855
1325 0 2 7 26 1449 707
1326 0 2 19 26 1542 665
1327 0 2 12 26 1190 804
1328 0 2 12 26 381 645
1329 0 2 9 26 1498 919
1330 0 2 23 26 1760 978
1331 0 2 9 26 1650 565
1332 0 2 5 26 1032 111
1333 0 2 22 26 945 484
1334 0 2 24 26 270 409
1335 0 2 21 26 979 184
1336 0 2 11 26 239 339
1337 0 2 18 26 1721 940
1338 0 2 7 26 1957 609
1339 0 2 22 26 311 601
1340 0 2 20 26 794 981
1341 0 2 13 26 1340 1064
1342 0 2 19 26 378 657
1343 0 2 27 26 1370 812
1344 0 2 21 26 1853 723
1345 0 2 6 26 1370 190
1346 0 2 14 26 597 501
1347 0 2 9 26 1536 1024
1348 0 2 4 26 552 975
1349 0 2 4 26 624 870
1350 0 2 10 26 422 822
1351 0 2 16 26 1301 152
1352 0 2 11 26 860 988
1353 0 2 13 26 263 450
1354 0 2 25 26 660 769
1355 0 2 25 26 354 494
1356 0 2 28 26 1446 142
1357 0 2 25 26 1500 510
1358 0 2 7 26 1329 557
1359 0 2 15 26 345 824
1360 0 2 22 26 1477 982
1361 0 2 25 26 213 281
1362 0 2 15 26 886 213
1363 0 2 26 26 1014 382
1364 0 2 6 26 240 988
1365 0 2 4 26 1842 780
1366 0 2 15 26 1296 508
1367 0 2 6 26 563 817
1368 0 2 13 26 277 142
1369 0 2 26 26 415 918
1370 0 2 26 26 1089 703
1371 0 2 23 26 743 845
1372 0 2 24 26 1258 721
1373 0 2 16 26 1174 255
1374 0 2 23 26 1460 677
1375 0 2 4 26 1775 739
1376 0 2 7 26 297 343
1377 0 2 12 26 1342 1092
1378 0 2 28 26 654 562
1379 0 2 26 26 1676 277
1380 0 2 12 26 1874 1040
1381 0 2 8 26 1494 826
1382 0 2 15 26 892 961
1383 0 2 22 26 1437 661
1384 0 2 15 26 1262 564
1385 0 2 23 26 538 1011
1386 0 2 14 26 539 1078
1387 0 2 28 26 1244 137
1388 0 2 25 26 1547 889
1389 0 2 26 26 1179 296
1390 0 2 13 26 1327 185
1391 0 2 22 26 1053 549
1392 0 2 10 26 1253 281
1393 0 2 29 26 273 910
1394 0 2 15 26 1391 532
1395 0 2 12 27 315 179
1396 0 2 10 27 302 835
1397 0 2 28 27 224 400
1398 0 2 7 27 1893 224
1399 0 2 12 27 1068 287
1400 0 2 11 27 802 126
1401 0 2 19 27 1142 997
1402 0 2 12 27 1359 193
1403 0 2 12 27 971 103
1404 0 2 18 27 1468 235
1405 0 2 22 27 355 668
1406 0 2 4 27 1814 821
1407 0 2 22 27 1362 721
1408 0 2 12 27 1802 727
1409 0 2 22 27 480 1013
1410 0 2 12 27 1236 272
1411 0 2 14 27 241 633
1412 0 2 18 27 465 338
1413 0 2 12 27 1609 925
1414 0 2 26 27 819 655
1415 0 2 27 27 1754 665
1416 0 2 24 27 1753 1029
1417 0 2 4 27 214 891
1418 0 2 22 27 1948 814
1419 0 2 25 27 541 111
1420 0 2 25 27 809 664
1421 0 2 11 27 429 949
1422 0 2 23 27 1160 610
1423 0 2 23 27 1881 161
1424 0 2 15 27 1752 1033
1425 0 2 16 27 271 508
1426 0 2 8 27 1712 383
1427 0 2 7 27 353 718
1428 0 2 9 27 1813 928
1429 0 2 15 27 733 417
1430 0 2 15 27 1740 123
1431 0 2 20 27 1834 546
1432 0 2 11 27 361 248
1433 0 2 25 27 1606 466
1434 0 2 26 27 443 847
1435 0 2 26 27 964 516
1436 0 2 8 27 1538 564
1437 0 2 15 27 1198 756
1438 0 2 16 27 737 725
1439 0 2 21 27 1215 155
1440 0 2 16 27 682 160
1441 0 2 23 27 402 665
1442 0 2 26 27 923 910
1443 0 2 17 27 1610 563
1444 0 2 24 27 362 317
1445 0 2 13 27 1082 355
1446 0 2 12 27 1879 828
1447 0 2 7 27 563 976
1448 0 2 21 27 1129 489
1449 0 2 20 27 1577 795
1450 0 2 20 27 1092 119
1451 0 2 18 27 1891 179
1452 0 2 10 27 664 836
1453 0 2 16 27 1967 378
1454 0 2 22 27 486 371
1455 0 2 24 27 1670 878
1456 0 2 14 27 1550 730
1457 0 2 16 27 1225 987
1458 0 2 27 27 1459 319
1459 0 2 8 27 778 195
1460 0 2 20 27 1679 1016
1461 0 2 22 27 279 408
1462 0 2 15 27 765 1065
1463 0 2 15 27 286 709
1464 0 2 23 27 263 381
1465 0 2 28 27 1413 928
1466 0 2 12 27 1170 492
1467 0 2 9 27 819 873
1468 0 2 26 27 516 259
1469 0 2 28 27 550 833
1470 0 2 3 27 544 1083
1471 0 2 6 27 1535 999
1472 0 2 28 27 1560 494
1473 0 2 29 27 311 674
1474 0 2 12 27 1393 608
1475 0 2 8 27 962 505
1476 0 2 16 27 1720 587
1477 0 2 28 27 1855 727
1478 0 2 24 27 1633 606
1479 0 2 15 27 825 562
1480 0 2 7 27 216 511
1481 0 2 11 27 1097 502
1482 0 2 20 27 920 669
1483 0 2 10 27 420 680
1484 0 2 11 27 1784 356
1485 0 2 17 27 928 217
1486 0 2 27 27 1485 773
1487 0 2 4 27 1151 1084
1488 0 2 5 27 1694 179
1489 0 2 28 27 1341 156
1490 0 2 17 27 1792 780
1491 0 2 14 27 1567 201
1492 0 2 9 27 646 881
1493 0 2 8 27 1930 340
1494 0 2 21 27 1291 1003
1495 0 2 3 27 442 643
1496 0 2 23 27 358 632
1497 0 2 27 27 522 565
1498 0 2 12 27 825 215
1499 0 2 22 27 1142 746
1500 0 2 8 27 1178 908
1501 0 2 29 27 942 800
1502 0 2 27 27 1045 410
1503 0 2 12 27 237 271
1504 0 2 13 27 1760 106
1505 0 2 18 27 278 956
1506 0 2 25 27 203 200
1507 0 2 21 27 1604 536
1508 0 2 7 27 235 786
1509 0 2 10 27 1642 935
1510 0 2 17 28 1492 144
1511 0 2 20 28 544 758
1512 0 2 15 28 553 1099
1513 0 2 27 28 1398 825
1514 0 2 22 28 1260 878
1515 0 2 4 28 1548 901
1516 0 2 10 28 1413 737
1517 0 2 18 28 1046 396
1518 0 2 14 28 510 1038
1519 0 2 21 28 806 725
1520 0 2 3 28 1171 934
1521 0 2 5 28 233 121
1522 0 2 8 28 994 606
1523 0 2 24 28 742 550
1524 0 2 22 28 802 1016
1525 0 2 13 28 764 782
1526 0 2 6 28 1214 288
1527 0 2 3 28 1735 219
1528 0 2 17 28 1900 455
1529 0 2 24 28 1473 355
1530 0 2 20 28 517 871
1531 0 2 26 28 1357 394
1532 0 2 10 28 1050 247
1533 0 2 4 28 1511 872
1534 0 2 9 28 1862 1048
1535 0 2 18 28 1322 469
1536 0 2 19 28 1346 216
1537 0 2 24 28 424 167
1538 0 2 20 28 1033 334
1539 0 2 22 28 1383 1091
1540 0 2 27 28 472 654
1541 0 2 17 28 603 564
1542 0 2 17 28 1464 645
1543 0 2 12 28 349 315
1544 0 2 14 28 221 363
1545 0 2 13 28 1922 879
1546 0 2 3 28 636 318
1547 0 2 24 28 661 125
1548 0 2 28 28 1603 738
1549 0 2 28 28 1104 1002
1550 0 2 5 28 793 145
1551 0 2 6 28 364 671
1552 0 2 25 28 1229 898
1553 0 2 26 28 1884 487
1554 0 2 19 28 1230 984
1555 0 2 9 28 737 279
1556 0 2 6 28 1222 176
1557 0 2 5 28 1378 208
1558 0 2 22 28 576 699
1559 0 2 4 28 710 265
1560 0 2 10 28 790 168
1561 0 2 20 28 1950 787
1562 0 2 29 28 276 207
1563 0 2 21 28 1677 1046
1564 0 2 15 28 293 147
1565 0 2 8 28 319 211
1566 0 2 19 28 1265 182
1567 0 2 4 28 1838 1029
1568 0 2 6 28 697 413
1569 0 2 24 28 1630 418
1570 0 2 18 28 1894 331
1571 0 2 26 28 939 402
1572 0 2 20 28 1947 157
1573 0 2 10 28 516 955
1574 0 2 11 28 1628 544
1575 0 2 18 28 810 695
1576 0 2 17 28 1058 869
1577 0 2 10 28 1276 239
1578 0 2 21 28 1673 639
1579 0 2 21 28 1824 977
1580 0 2 16 28 941 173
1581 0 2 5 28 836 428
1582 0 2 19 28 779 788
1583 0 2 12 28 1376 1056
1584 0 2 29 28 305 927
1585 0 2 6 28 355 357
1586 0 2 22 28 501 670
1587 0 2 24 28 1637 861
1588 0 2 13 28 1191 111
1589 0 2 8 28 1482 1046
1590 0 2 24 28 927 203
1591 0 2 16 28 306 110
1592 0 2 6 28 724 271
1593 0 2 12 28 1637 685
1594 0 2 25 28 1686 281
1595 0 2 14 28 1986 242
1596 0 2 26 28 1053 407
1597 0 2 21 28 1794 593
1598 0 2 12 28 1455 346
1599 0 2 27 28 1483 155
1600 0 2 20 28 1433 304
1601 0 2 21 28 1250 282
1602 0 2 15 28 1719 676
1603 0 2 23 28 419 806
1604 0 2 25 28 1851 1021
1605 0 2 17 28 581 389
1606 0 2 23 28 1088 546
1607 0 2 23 29 1253 304
1608 0 2 24 29 494 705
1609 0 2 22 29 1592 521
1610 0 2 3 29 1520 509
1611 0 2 22 29 1401 595
1612 0 2 22 29 346 631
1613 0 2 29 29 1845 645
1614 0 2 28 29 1143 996
1615 0 2 12 29 283 970
1616 0 2 27 29 1939 476
1617 0 2 5 29 691 339
1618 0 2 27 29 432 613
1619 0 2 17 29 1675 403
1620 0 2 6 29 1410 121
1621 0 2 14 29 433 1001
1622 0 2 19 29 1626 513
1623 0 2 27 29 1470 650
1624 0 2 28 29 1704 215
1625 0 2 7 29 1302 709
1626 0 2 3 29 1471 793
1627 0 2 19 29 854 326
1628 0 2 18 29 1582 310
1629 0 2 22 29 308 442
1630 0 2 12 29 450 973
1631 0 2 24 29 1047 1040
1632 0 2 18 29 1145 280
1633 0 2 15 29 1183 577
1634 0 2 27 29 811 942
1635 0 2 10 29 1573 122
1636 0 2 7 29 1685 797
1637 0 2 7 29 1439 1025
1638 0 2 16 29 585 453
1639 0 2 17 29 924 382
1640 0 2 18 29 346 971
1641 0 2 19 29 1800 322
1642 0 2 5 29 487 211
1643 0 2 19 29 1693 527
1644 0 2 7 29 792 154
1645 0 2 29 29 455 628
1646 0 2 29 29 790 126
1647 0 2 16 29 1250 988
1648 0 2 10 29 314 204
1649 0 2 8 29 1734 916
1650 0 2 5 29 377 284
1651 0 2 14 29 1897 430
1652 0 2 5 29 492 1018
1653 0 2 20 29 1664 627
1654 0 2 7 29 1667 364
1655 0 2 15 29 1005 214
1656 0 2 27 29 752 752
1657 0 2 18 29 262 203
1658 0 2 6 29 1565 560
1659 0 2 29 29 1368 1053
1660 0 2 3 29 1743 495
1661 0 2 21 29 1064 467
1662 0 2 4 29 1382 625
1663 0 2 17 29 448 409
1664 0 2 5 29 933 939
1665 0 2 26 29 512 149
1666 0 2 20 29 388 851
1667 0 2 29 29 465 750
1668 0 2 22 29 636 603
1669 0 2 14 29 604 636
1670 0 2 7 29 435 402
1671 0 2 26 29 1244 438
1672 0 2 25 29 422 229
1673 0 2 22 29 435 389
1674 0 2 16 29 1928 386
1675 0 2 17 29 608 686
1676 0 2 11 29 656 970
1677 0 2 20 29 709 498
1678 0 2 25 29 283 335
1679 0 2 24 29 1672 888
1680 0 2 28 29 368 148
1681 0 2 10 29 679 371
1682 0 2 18 29 295 891
1683 0 2 25 29 1652 788
1684 0 2 24 29 1262 1063
1685 0 2 12 29 793 287
1686 0 2 5 29 1489 928
1687 0 2 8 29 294 273
1688 0 2 16 29 816 133
1689 0 2 5 29 709 482
1690 0 2 24 29 1723 1001
1691 0 2 15 29 1799 1015
1692 0 2 27 29 1157 646
1693 0 2 5 29 612 1083
1694 0 2 12 29 1428 706
1695 0 2 8 29 1239 134
1696 0 2 27 29 556 223
1697 0 2 4 29 1261 639
1698 0 2 12 29 1305 959
1699 0 2 17 29 1648 885
1700 0 2 23 29 306 108
1701 0 2 12 29 894 1099
1702 0 2 12 29 773 104
1703 0 2 29 29 577 310
1704 0 2 16 29 1809 485
1705 0 2 14 29 209 679
1706 0 2 14 29 209 679