express priority volume weight reward duration
0 0 21 12 509 207
0 0 22 23 1503 953
0 0 3 20 1070 221
0 0 12 13 1193 422
0 0 12 15 887 604
0 0 26 14 1819 914
0 0 8 6 1131 207
1 0 12 7 1651 1039
0 0 3 23 396 434
0 0 9 15 600 295
0 0 3 7 1279 535
0 0 21 23 1718 550
0 0 16 12 1025 622
0 0 24 26 1032 759
1 0 14 9 1191 273
0 0 14 26 1713 728
0 0 8 3 1143 597
0 0 23 29 1253 304
0 0 11 25 1061 953
0 0 17 28 1492 144
0 0 8 13 1942 160
0 0 15 17 1924 1007
0 0 14 11 832 488
0 0 20 28 544 758
1 0 4 25 709 758
0 0 16 20 1157 225
0 0 13 21 1929 981
0 0 28 12 1817 506
0 0 15 28 553 1099
0 0 5 3 433 173
0 0 24 11 1538 634
0 0 28 8 1007 483
0 0 18 25 896 311
1 0 9 18 1607 777
0 0 8 24 1895 139
0 0 29 11 1614 1086
0 0 15 18 518 184
0 0 13 9 469 339
0 0 22 6 1926 729
0 0 23 13 1563 815
0 0 24 11 699 268
0 0 6 22 1987 175
0 0 16 4 1427 453
0 0 24 29 494 705
0 0 6 9 1776 750
0 0 20 15 1642 908
0 0 16 14 1139 764
0 0 17 13 1631 835
0 0 12 27 315 179
0 0 27 18 924 730
0 0 14 12 1900 408
0 0 8 25 830 973
1 0 11 25 715 392
0 0 18 15 954 612
0 0 10 8 1759 913
0 0 27 7 339 909
0 0 10 27 302 835
0 0 20 18 1202 228
0 0 19 23 473 297
0 0 17 22 1008 355
0 0 22 29 1592 521
0 0 9 5 361 398
0 0 18 15 1226 647
0 0 13 20 1355 470
0 0 17 6 1753 938
0 0 24 8 562 998
0 0 29 6 338 100
0 0 27 28 1398 825
0 0 3 29 1520 509
0 0 15 9 602 252
1 0 22 8 1798 107
1 0 17 20 1703 815
0 0 3 5 413 786
0 0 8 16 1642 400
0 0 28 27 224 400
1 0 10 21 1176 901
0 0 6 15 668 855
0 0 6 7 1541 330
0 0 15 20 1142 357
0 0 23 13 379 862
0 0 5 21 1352 233
0 0 22 29 1401 595
0 0 13 5 699 1051
0 0 6 10 1941 534
0 0 28 19 1810 979
1 0 22 24 1867 841
0 0 7 23 798 779
0 0 20 9 886 395
0 0 18 14 1491 1009
0 0 22 29 346 631
0 0 3 18 1291 661
0 0 20 17 501 429
0 0 17 23 1356 368
0 0 21 26 833 355
0 0 16 21 567 237
0 0 22 28 1260 878
1 0 15 18 725 283
0 0 9 15 1946 485
0 0 17 15 1418 551
0 0 17 22 641 972
0 0 5 22 679 885
0 0 17 20 1659 340
0 0 27 5 1294 802
0 0 29 25 1471 635
0 0 22 3 937 533
0 0 9 18 1182 915
0 0 4 18 1685 334
0 0 8 3 1700 858
0 0 23 17 1536 672
0 0 22 9 1598 314
0 0 13 12 1644 880
1 0 6 6 364 671
1 0 17 23 1754 723
0 0 15 6 1001 288
0 0 23 25 1832 186
0 0 5 13 1536 1061
0 0 19 12 206 787
0 0 28 13 1100 715
0 0 5 8 209 900
0 0 20 8 1011 163
1 0 29 27 1248 893
0 0 29 29 1845 645
0 0 4 28 1548 901
1 0 3 16 1977 388
0 0 19 5 1988 157
0 0 7 25 872 345
0 0 5 16 1580 406
0 0 9 15 597 741
0 0 13 24 1916 179
1 0 3 7 1566 1009
0 0 5 8 1414 200
0 0 5 26 1858 299
0 0 23 12 1248 777
0 0 24 18 1708 698
0 0 9 11 733 909
0 0 29 16 1868 235
1 0 22 14 206 657
0 0 22 10 844 381
1 0 11 18 1328 883
0 0 4 13 226 1098
0 0 13 4 399 117
0 0 4 10 388 1031
0 0 17 14 1172 756
0 0 29 15 581 433
0 0 16 20 459 907
0 0 23 22 1836 1021
0 0 12 25 1067 763
0 0 20 7 1321 270
0 0 16 18 1281 706
0 0 25 16 783 1090
0 0 29 21 1561 429
0 0 4 19 388 1018
0 0 6 15 1353 369
0 0 3 11 578 907
0 0 17 14 1124 970
0 0 14 18 683 112
0 0 4 22 1397 820
0 0 7 26 1945 339
0 0 27 24 878 226
0 0 16 24 1082 161
0 0 17 4 1392 555
0 0 3 7 780 905
0 0 28 14 1626 289
1 0 15 28 1428 555
0 0 3 4 391 747
0 0 3 13 1384 170
0 0 7 11 306 825
0 0 9 24 1768 972
0 0 18 18 815 171
0 0 5 16 1549 524
1 0 23 6 1446 167
0 0 21 24 994 305
0 0 15 23 1058 883
0 0 8 10 1081 1096
0 0 16 22 1098 835
0 0 6 26 1013 889
0 0 11 19 1239 658
0 0 3 25 1750 781
0 0 6 15 751 152
0 0 23 5 1759 908
0 0 18 14 1073 508
0 0 15 23 1946 1039
0 0 29 6 1584 757
0 0 29 21 1013 301
0 0 13 22 1192 469
0 0 28 21 1822 818
0 0 29 22 951 694
0 0 28 22 1523 141
0 0 18 4 1119 542
0 0 22 22 1712 234
1 0 3 18 747 551
1 0 25 28 1014 879
0 0 28 15 364 974
1 0 29 27 1262 347
0 0 28 29 1143 996
0 0 23 10 1571 516
0 0 9 26 1175 1082
0 0 9 6 953 1052
0 0 10 15 1658 491
0 0 9 24 1118 935
0 0 12 26 788 160
0 0 26 22 462 117
0 0 15 20 1928 184
1 0 8 25 1129 279
0 0 27 25 468 344
0 0 10 28 1413 737
0 0 13 5 685 247
0 0 7 27 1893 224
0 0 14 7 481 986
0 0 17 7 546 179
0 0 10 12 833 899
1 0 7 4 1919 156
1 0 26 5 980 116
0 0 18 17 450 228
0 0 8 16 1528 996
0 0 12 27 1068 287
0 0 6 13 992 556
0 0 18 28 1046 396
0 0 20 3 570 160
0 0 12 29 283 970
0 0 27 9 292 572
0 0 22 13 226 564
0 0 22 25 1585 323
0 0 24 23 1638 136
1 0 6 3 1916 408
0 0 29 12 1170 827
0 0 4 16 1829 904
0 0 16 12 1626 213
0 0 9 8 1366 342
0 0 16 26 1046 1070
0 0 10 23 440 371
0 0 13 3 1441 122
0 0 21 13 1819 380
0 0 28 18 1817 375
0 0 28 11 670 207
0 0 23 18 1862 457
0 0 28 6 1646 777
0 0 18 11 826 815
0 0 19 21 415 267
0 0 4 26 512 560
0 0 18 23 1037 832
0 0 25 26 1980 202
0 0 6 18 1122 969
0 0 28 12 567 1100
0 0 18 14 1684 327
0 0 18 11 353 264
0 0 16 15 445 538
1 0 18 11 1298 601
0 0 9 19 1989 883
0 0 20 3 1577 224
1 0 21 19 948 752
0 0 24 3 1312 242
0 0 4 23 1280 828
0 0 3 12 1945 343
0 0 11 5 1475 617
1 0 6 27 1586 825
1 0 6 19 1155 476
1 0 10 28 1862 730
0 0 4 23 1464 623
0 0 14 28 510 1038
0 0 27 6 1486 836
0 0 29 13 922 1077
0 0 11 17 1692 195
0 0 17 13 1930 1059
0 0 8 26 337 882
0 0 4 10 960 457
0 0 5 21 313 796
0 0 19 5 853 341
0 0 27 29 1939 476
1 0 22 22 1259 998
0 0 9 19 853 648
0 0 25 18 1629 603
0 0 3 8 742 587
0 0 28 11 1599 156
0 0 28 25 250 466
0 0 22 5 574 529
0 0 26 14 1646 1071
0 0 18 16 1822 261
0 0 12 26 1098 276
0 0 8 10 1636 440
0 0 16 19 553 948
0 0 11 27 802 126
0 0 21 28 806 725
0 0 12 16 758 680
0 0 19 27 1142 997
0 0 20 13 1874 433
0 0 15 11 1221 534
0 0 22 15 650 430
0 0 9 13 1178 422
0 0 14 24 1893 388
0 0 6 26 237 498
0 0 27 6 1589 199
0 0 27 22 379 537
0 0 20 16 259 714
0 0 3 16 1130 499
0 0 22 7 1744 1026
0 0 9 10 1919 919
0 0 8 24 1209 306
0 0 22 7 1466 968
0 0 5 24 1865 890
0 0 14 11 1647 244
0 0 16 6 1798 416
0 0 20 8 712 717
0 0 27 25 823 1024
0 0 22 21 1291 125
0 0 15 16 1872 729
0 0 25 12 945 240
1 0 11 22 1368 563
0 0 22 22 1901 218
0 0 21 5 1851 992
1 0 24 8 1412 554
0 0 7 17 977 752
0 0 5 6 939 985
0 0 14 8 274 832
0 0 9 10 1786 447
0 0 26 15 822 665
0 0 5 11 231 444
0 0 6 13 1110 771
0 0 19 24 966 422
0 0 27 9 417 301
0 0 21 6 913 702
0 0 28 16 1756 802
0 0 4 20 1194 942
0 0 25 24 1214 700
0 0 17 3 995 250
0 0 15 16 1456 451
0 0 4 23 1947 894
0 0 12 27 1359 193
0 0 21 15 1189 1007
0 0 24 16 1706 316
0 0 15 3 1670 100
0 0 20 7 998 142
0 0 21 6 1280 851
0 0 18 5 338 421
0 0 5 29 691 339
0 0 27 9 564 946
0 0 24 7 1167 719
0 0 15 22 928 1028
0 0 20 7 1487 1011
0 0 18 21 955 151
0 0 20 8 511 446
0 0 22 15 1516 945
0 0 9 23 735 1057
0 0 16 8 1608 849
0 0 22 24 1469 228
0 0 27 8 1309 758
0 0 15 20 1580 761
0 0 8 17 1904 680
0 0 20 26 804 405
0 0 19 8 1283 492
0 0 11 26 1919 778
0 0 6 3 1332 603
0 0 3 28 1171 934
0 0 13 14 1922 1075
0 0 16 21 1436 1027
0 0 5 28 233 121
0 0 9 26 1864 900
0 0 8 22 1169 548
0 0 4 24 1025 180
0 0 18 26 1794 823
1 0 22 7 965 393
0 0 27 11 671 725
0 0 23 13 1686 238
1 0 26 9 475 552
1 0 19 4 1736 1002
0 0 27 22 1750 102
0 0 23 11 548 102
0 0 17 11 1370 582
0 0 12 12 1077 895
0 0 14 18 1105 1059
0 0 16 4 1552 246
0 0 23 22 1305 921
0 0 9 10 1163 566
1 0 6 9 1328 417
1 0 23 26 1258 760
0 0 12 27 971 103
0 0 4 14 485 452
0 0 13 26 892 930
0 0 27 6 417 424
0 0 18 27 1468 235
1 0 9 20 1788 467
0 0 27 26 710 432
0 0 6 7 1449 898
0 0 19 14 1013 421
0 0 5 21 793 708
0 0 14 20 681 277
1 0 17 4 1818 808
0 0 29 12 675 148
0 0 10 21 1312 347
0 0 14 7 1221 773
0 0 8 15 1755 322
1 0 20 16 576 933
0 0 18 11 1107 945
0 0 4 21 477 767
0 0 29 22 1947 957
0 0 3 8 1432 342
0 0 27 29 432 613
0 0 22 8 1944 879
0 0 26 24 1950 784
1 0 14 25 1914 465
0 0 3 19 1723 116
0 0 14 21 224 206
0 0 10 18 349 907
0 0 20 25 1984 967
0 0 10 5 1169 1056
0 0 8 28 994 606
0 0 25 17 1123 496
1 0 17 29 1949 1024
0 0 24 20 440 534
0 0 3 24 1014 1068
0 0 24 28 742 550
0 0 8 15 319 289
0 0 23 8 484 250
0 0 17 19 562 151
1 0 22 21 1056 964
0 0 3 14 310 147
0 0 18 16 1701 533
0 0 15 8 1274 527
0 0 29 13 645 136
0 0 22 28 802 1016
1 0 10 19 1018 793
0 0 26 22 1773 522
0 0 17 9 642 888
0 0 17 29 1675 403
1 0 10 11 688 183
0 0 29 11 786 244
0 0 22 27 355 668
0 0 27 18 1867 722
0 0 3 17 451 1045
0 0 24 10 1592 306
0 0 22 16 1235 825
0 0 3 25 331 474
1 0 16 13 1146 733
0 0 13 26 737 764
0 0 10 21 1233 121
0 0 25 21 1859 1031
0 0 18 3 1799 735
0 0 12 11 1304 571
0 0 4 27 1814 821
0 0 7 18 1162 625
0 0 14 11 1234 583
0 0 17 18 1189 703
0 0 9 9 976 495
0 0 24 21 710 826
0 0 8 13 982 1021
0 0 22 27 1362 721
0 0 23 11 1015 161
0 0 23 7 1143 366
0 0 20 19 1961 266
0 0 9 5 397 422
0 0 10 20 1794 135
0 0 8 5 327 799
0 0 9 18 681 707
0 0 8 7 423 106
0 0 6 4 713 1034
0 0 28 9 1346 1043
0 0 7 16 220 259
0 0 4 8 854 1041
0 0 6 25 275 865
0 0 26 8 309 163
0 0 24 3 219 501
0 0 24 6 733 150
1 0 21 18 1426 675
1 0 24 11 348 678
0 0 20 12 1467 590
0 0 22 12 1297 993
0 0 29 24 1432 284
0 0 13 3 1104 542
0 0 29 21 1516 270
0 0 26 22 1613 1058
0 0 25 26 1659 515
0 0 28 14 1492 725
0 0 29 15 935 192
0 0 12 27 1802 727
0 0 25 9 1499 105
0 0 4 10 1331 213
0 0 25 22 677 511
0 0 24 24 1715 369
0 0 26 3 1398 971
0 0 20 21 1261 642
0 0 13 28 764 782
1 0 29 7 1479 294
0 0 6 12 605 515
0 0 8 25 864 449
0 0 6 28 1214 288
0 0 29 20 1661 644
0 0 3 28 1735 219
0 0 10 14 1325 1067
0 0 13 26 1638 972
0 0 14 15 1629 873
0 0 18 5 1084 343
0 0 7 26 1735 910
0 0 27 8 263 211
0 0 15 3 1752 762
0 0 21 20 1809 1098
0 0 24 7 945 100
0 0 27 24 1027 746
0 0 19 15 1847 1077
1 0 8 11 684 940
0 0 20 18 1341 304
0 0 6 7 1897 351
0 0 3 3 944 213
0 0 21 9 1078 259
0 0 27 7 1025 900
0 0 25 23 860 399
0 0 20 12 1164 366
0 0 17 24 1851 854
0 0 14 9 1866 390
0 0 22 3 1437 727
1 0 15 21 1304 260
0 0 15 15 1824 991
0 0 21 4 1648 1015
0 0 11 22 902 911
0 0 11 4 1104 491
0 0 20 13 1884 379
0 0 16 9 324 644
0 0 16 6 1235 384
0 0 13 25 717 708
0 0 16 24 756 931
0 0 13 5 771 1065
0 0 18 13 1606 214
0 0 19 19 1189 1066
0 0 17 21 203 163
0 0 22 27 480 1013
0 0 12 27 1236 272
0 0 14 3 1671 253
0 0 23 5 922 216
0 0 9 15 1011 876
0 0 25 11 341 882
0 0 28 17 1807 106
0 0 27 19 808 140
0 0 28 21 1294 1039
1 0 11 22 595 276
0 0 20 17 1439 460
0 0 22 15 295 912
0 0 5 18 1379 653
0 0 26 21 1946 839
1 0 12 19 548 962
0 0 17 26 1600 583
1 0 9 29 820 723
0 0 3 11 741 445
0 0 25 4 639 224
0 0 24 15 751 372
0 0 7 21 780 603
0 0 13 9 1114 263
0 0 19 20 420 755
0 0 26 6 851 994
0 0 24 26 766 755
0 0 15 4 1853 416
0 0 11 23 852 390
0 0 22 5 1499 228
0 0 20 9 898 672
0 0 26 23 226 241
0 0 28 18 631 836
0 0 6 17 1270 590
0 0 13 10 720 816
0 0 16 25 1722 809
1 0 5 6 1540 851
0 0 7 24 695 511
0 0 6 29 1410 121
1 0 23 26 1780 355
1 0 21 25 1652 510
0 0 14 29 433 1001
0 0 19 29 1626 513
0 0 14 5 1579 544
1 0 27 7 992 364
0 0 17 17 571 933
0 0 10 20 489 862
0 0 10 23 647 721
0 0 14 22 1091 499
0 0 8 14 262 288
0 0 14 14 1130 639
0 0 17 5 535 883
0 0 20 5 1620 461
0 0 24 5 460 607
0 0 5 6 298 989
0 0 17 14 1087 531
0 0 28 10 471 740
1 0 26 20 1788 1066
0 0 4 16 211 287
0 0 17 6 739 449
0 0 7 20 1982 576
0 0 10 12 496 369
1 0 9 7 919 115
0 0 18 4 631 1008
0 0 23 19 1065 250
0 0 15 11 272 551
0 0 26 18 794 237
0 0 23 8 1295 1064
0 0 7 22 1505 374
0 0 25 16 1694 103
0 0 8 23 557 552
0 0 27 11 958 163
0 0 21 11 1949 103
0 0 10 5 1433 446
0 0 21 14 442 432
0 0 8 22 1358 373
0 0 28 23 1142 489
0 0 5 7 1087 428
0 0 22 24 1227 588
0 0 6 13 828 237
0 0 4 7 1874 992
1 0 7 18 1135 527
0 0 14 14 1913 567
0 0 4 3 1592 783
0 0 14 27 241 633
0 0 24 22 295 239
1 0 21 27 415 332
0 0 26 24 882 945
0 0 17 15 245 860
0 0 28 6 916 462
1 0 17 11 1339 342
0 0 4 5 1758 143
0 0 23 14 1633 318
0 0 14 10 490 324
0 0 27 26 691 457
0 0 25 14 1459 302
0 0 19 9 793 523
0 0 10 22 1725 1056
0 0 27 4 1115 831
0 0 27 22 1315 623
0 0 11 4 1217 350
0 0 22 23 1403 529
1 0 28 12 1687 132
0 0 9 11 1730 931
0 0 16 21 885 215
0 0 27 9 418 492
0 0 25 9 906 854
0 0 28 24 698 1053
0 0 9 18 790 1038
0 0 27 10 1904 156
0 0 24 21 1165 564
0 0 24 25 952 654
0 0 5 25 1099 468
0 0 7 10 1458 717
0 0 27 19 1668 975
0 0 5 15 1767 106
0 0 22 13 1430 340
0 0 8 7 1218 164
0 0 28 20 1056 1096
0 0 11 20 905 839
0 0 4 18 1439 691
0 0 12 7 489 253
0 0 15 25 1353 985
0 0 22 16 375 104
0 0 26 19 1252 457
0 0 27 29 1470 650
0 0 7 14 1763 936
1 0 16 22 462 560
0 0 17 28 1900 455
0 0 11 7 1607 132
0 0 3 22 1597 623
0 0 8 13 1344 899
0 0 26 23 307 896
0 0 24 17 368 849
0 0 11 24 1037 853
0 0 18 27 465 338
0 0 9 5 1963 336
1 0 9 18 397 1064
0 0 22 20 306 590
0 0 11 19 1393 337
0 0 26 14 1017 594
0 0 9 10 415 284
0 0 15 7 1807 854
0 0 8 20 1497 317
0 0 4 5 422 394
0 0 19 5 811 324
0 0 8 17 1778 645
0 0 25 24 1381 611
0 0 17 17 1645 351
0 0 15 6 1677 719
0 0 13 16 385 646
0 0 12 27 1609 925
0 0 28 29 1704 215
1 0 22 27 219 659
0 0 15 21 1895 509
0 0 16 20 1694 878
0 0 26 27 819 655
0 0 18 8 841 424
0 0 4 5 1100 949
0 0 9 18 1965 1068
0 0 27 4 1384 974
0 0 24 28 1473 355
1 0 8 27 1143 610
0 0 3 16 1683 155
0 0 24 19 1418 570
0 0 9 16 311 399
0 0 9 13 1162 333
0 0 10 25 1140 821
0 0 6 3 1354 1086
0 0 27 27 1754 665
0 0 9 8 690 796
0 0 3 21 269 742
0 0 7 29 1302 709
0 0 6 21 1435 415
0 0 29 25 1742 231
0 0 26 23 651 184
0 0 12 20 520 755
0 0 27 4 547 1032
0 0 25 15 1857 431
0 0 16 20 1260 410
0 0 10 3 1325 646
0 0 22 22 398 739
0 0 21 5 1808 527
0 0 26 14 1686 456
0 0 11 8 1751 556
0 0 20 28 517 871
0 0 20 8 1237 647
0 0 4 22 645 661
1 0 27 7 460 101
0 0 22 11 366 1045
0 0 26 6 1141 598
0 0 7 26 1803 848
0 0 23 4 1801 671
0 0 26 28 1357 394
0 0 4 20 889 376
0 0 12 13 302 605
0 0 14 4 1436 791
0 0 23 5 1350 699
0 0 12 19 382 769
0 0 16 7 381 1057
0 0 10 28 1050 247
0 0 5 16 1808 205
1 0 7 7 501 382
0 0 9 26 908 130
1 0 22 11 1405 971
0 0 13 7 1527 974
0 0 18 25 800 310
0 0 23 18 1125 894
0 0 3 29 1471 793
0 0 4 13 339 506
0 0 13 17 326 924
0 0 29 15 816 672
0 0 24 27 1753 1029
0 0 4 28 1511 872
0 0 19 16 1598 235
0 0 17 22 265 307
0 0 11 10 1033 256
0 0 22 14 1024 254
0 0 19 15 1011 971
0 0 22 18 1649 830
0 0 27 18 1214 355
0 0 16 25 1532 633
0 0 24 16 1064 744
0 0 20 21 643 336
0 0 4 15 1493 267
0 0 10 12 1534 278
0 0 19 29 854 326
1 0 14 8 1029 513
0 0 12 8 1591 284
0 0 9 23 840 522
0 0 19 14 1693 881
0 0 26 4 364 948
0 0 27 21 874 1000
0 0 21 21 1345 114
0 0 7 7 1088 174
0 0 29 12 1605 906
0 0 19 15 699 734
0 0 8 7 1430 340
0 0 24 13 309 402
0 0 29 21 499 499
1 0 17 12 1796 742
0 0 8 7 572 799
0 0 20 25 1351 680
0 0 5 25 1700 984
0 0 19 16 458 138
0 0 21 26 397 893
0 0 18 15 826 232
0 0 12 9 1698 1073
0 0 15 16 1571 134
1 0 24 20 1220 982
0 0 18 29 1582 310
0 0 4 27 214 891
1 0 18 21 848 791
0 0 6 12 435 417
0 0 22 29 308 442
0 0 7 14 1169 462
0 0 17 13 1562 336
0 0 7 26 1988 409
1 0 12 7 1267 702
0 0 27 24 1884 668
0 0 12 29 450 973
1 0 15 14 1785 832
0 0 10 25 1215 450
0 0 18 5 1597 972
0 0 19 7 1904 909
0 0 28 3 1963 741
1 0 19 29 351 157
0 0 21 21 387 581
0 0 9 12 1766 1077
0 0 24 22 1067 1049
0 0 15 25 327 823
0 0 23 10 1938 187
0 0 10 19 657 228
0 0 24 29 1047 1040
0 0 16 16 958 818
0 0 18 29 1145 280
0 0 27 6 370 1033
0 0 4 20 1322 505
0 0 16 24 1222 486
0 0 22 5 407 141
0 0 7 7 1036 566
0 0 18 11 1723 410
0 0 29 14 868 580
0 0 27 22 591 842
0 0 17 20 1485 961
0 0 13 14 728 732
0 0 27 3 1343 631
0 0 22 27 1948 814
0 0 18 18 1738 918
0 0 5 24 931 721
0 0 19 15 641 871
0 0 19 21 1869 564
0 0 14 16 916 240
1 0 4 22 1889 879
0 0 18 10 1923 597
0 0 24 14 1348 1010
0 0 10 13 1849 183
0 0 16 11 692 701
0 0 12 9 1910 140
0 0 5 3 1318 411
0 0 8 23 362 652
1 0 6 25 236 216
0 0 13 19 1660 882
0 0 20 12 1967 635
0 0 7 10 1373 313
0 0 8 22 387 100
0 0 6 25 1612 466
0 0 8 17 1136 327
0 0 17 24 490 311
0 0 12 15 1924 386
0 0 5 4 1360 1095
1 0 26 8 1223 861
0 0 25 25 335 748
1 0 5 12 1235 896
0 0 25 17 1857 205
0 0 25 27 541 111
0 0 26 10 817 624
0 0 4 19 259 203
0 0 19 4 808 759
0 0 7 13 282 917
0 0 18 3 1552 813
0 0 28 3 1015 414
0 0 22 9 549 851
0 0 5 13 374 826
0 0 10 23 1382 931
0 0 13 21 641 897
0 0 15 18 887 404
0 0 18 4 1030 370
0 0 20 15 913 214
0 0 6 14 1581 820
0 0 28 14 568 622
0 0 18 21 1242 830
0 0 20 21 1964 706
0 0 26 5 641 951
0 0 27 13 821 133
1 0 10 9 1191 252
0 0 7 19 967 508
1 0 27 22 716 588
0 0 17 10 943 119
0 0 22 7 484 356
0 0 25 14 885 973
0 0 17 5 1311 162
0 0 8 21 409 414
0 0 16 16 293 480
0 0 9 18 1611 208
0 0 22 21 1503 1078
0 0 24 20 227 151
0 0 19 10 254 907
0 0 14 19 1650 203
0 0 17 8 361 1019
0 0 13 16 1042 132
0 0 12 17 989 163
1 0 18 11 1192 615
0 0 27 10 1078 947
0 0 19 22 1933 547
1 0 10 12 714 475
0 0 25 22 1552 754
0 0 9 28 1862 1048
0 0 19 5 1562 897
0 0 22 9 1126 228
0 0 13 4 439 727
0 0 13 7 1954 967
0 0 15 29 1183 577
0 0 15 13 1393 550
0 0 21 15 1670 783
0 0 15 17 1341 118
0 0 27 18 385 392
1 0 17 5 767 962
0 0 28 6 747 676
0 0 15 20 352 1008
0 0 11 25 1632 713
0 0 11 26 888 251
0 0 7 11 778 659
0 0 16 7 353 349
0 0 26 4 951 336
0 0 16 26 877 467
0 0 17 21 1438 292
0 0 6 12 475 551
1 0 17 22 639 676
0 0 25 15 746 338
0 0 12 18 815 673
1 0 20 20 1813 1078
0 0 17 23 1285 195
0 0 29 7 1022 118
1 0 8 8 1506 954
0 0 8 21 274 373
0 0 20 20 380 681
0 0 27 29 811 942
0 0 25 15 311 387
1 0 8 5 463 760
0 0 25 27 809 664
0 0 11 27 429 949
0 0 4 13 1414 420
0 0 15 10 277 706
0 0 24 26 571 700
0 0 11 18 1023 932
0 0 21 11 1876 330
1 0 22 20 407 823
0 0 27 5 244 755
1 0 22 15 1015 256
0 0 4 6 551 479
0 0 7 15 249 802
0 0 25 7 802 661
0 0 12 13 1060 889
0 0 27 7 1808 521
0 0 24 15 1295 265
0 0 26 11 1293 404
0 0 9 26 462 111
0 0 23 27 1160 610
0 0 26 26 1616 418
1 0 9 7 501 612
0 0 18 26 1136 600
0 0 15 21 1496 297
0 0 19 24 789 109
0 0 13 9 437 702
0 0 12 9 1389 161
0 0 8 12 819 157
1 0 22 27 387 670
0 0 17 11 1146 779
0 0 17 19 1913 419
0 0 12 5 807 565
0 0 7 23 941 828
0 0 10 29 1573 122
0 0 24 8 1531 856
0 0 27 12 1216 151
1 0 19 5 1552 291
0 0 6 4 704 901
0 0 18 28 1322 469
0 0 12 17 735 1015
0 0 14 16 1563 583
0 0 15 8 526 1081
0 0 18 13 1743 1070
0 0 19 28 1346 216
0 0 29 13 1546 321
0 0 25 21 1240 589
0 0 25 5 1163 472
0 0 6 26 957 891
0 0 24 28 424 167
0 0 3 15 703 157
0 0 20 4 612 683
0 0 19 22 1476 876
0 0 13 25 841 103
1 0 15 11 1042 293
1 0 4 15 1238 398
0 0 8 9 1258 543
0 0 6 9 1750 988
0 0 14 7 800 119
1 0 23 18 330 539
1 0 26 23 508 466
0 0 26 11 1988 258
1 0 10 14 1496 935
0 0 10 5 551 1002
0 0 13 7 1905 700
0 0 20 28 1033 334
0 0 13 8 1088 441
0 0 22 28 1383 1091
1 0 4 8 1158 1030
0 0 13 13 1057 238
0 0 12 8 1666 939
1 0 26 23 1030 818
0 0 4 13 571 550
0 0 22 19 1054 441
0 0 11 4 570 550
0 0 7 10 838 1095
0 0 29 15 1483 623
0 0 7 29 1685 797
0 0 25 15 1280 611
0 0 27 28 472 654
0 0 28 14 1806 904
0 0 27 6 1418 969
0 0 8 4 1071 705
0 0 13 14 552 189
0 0 22 5 1446 261
0 0 23 27 1881 161
0 0 3 19 451 576
0 0 18 16 1875 535
0 0 17 28 603 564
0 0 7 12 349 371
1 0 27 3 1311 324
0 0 23 14 1413 934
0 0 26 23 548 428
0 0 25 20 405 604
0 0 11 3 799 497
0 0 4 17 1916 740
0 0 23 3 1648 153
0 0 18 17 1628 944
0 0 11 12 1562 747
0 0 6 7 800 589
1 0 8 12 1514 985
0 0 9 15 1162 880
0 0 21 8 449 833
0 0 28 10 1539 803
0 0 15 27 1752 1033
0 0 24 3 1888 434
0 0 18 10 371 743
0 0 27 18 653 827
1 0 17 24 666 730
0 0 9 23 1671 768
0 0 25 20 473 859
0 0 4 14 1619 285
1 0 13 10 544 933
0 0 11 12 1459 444
0 0 17 28 1464 645
0 0 19 6 868 596
0 0 26 10 789 879
0 0 19 7 272 525
0 0 15 18 1514 942
0 0 6 7 1957 177
0 0 5 23 643 662
1 0 16 22 1821 923
1 0 4 7 1926 686
0 0 8 7 317 756
0 0 3 8 812 771
0 0 4 13 798 387
0 0 5 5 1309 289
0 0 12 28 349 315
0 0 15 19 1807 738
1 0 29 26 1498 603
0 0 8 15 1093 365
0 0 20 6 936 221
0 0 16 24 366 909
0 0 14 17 603 474
0 0 28 11 1217 565
0 0 20 17 978 836
0 0 5 19 558 866
0 0 11 17 1263 857
0 0 4 15 1223 192
0 0 16 27 271 508
0 0 8 21 1242 517
0 0 9 10 1887 322
0 0 29 26 469 627
0 0 26 20 1375 353
0 0 8 17 554 879
0 0 28 24 1155 1005
0 0 20 14 1382 393
0 0 8 27 1712 383
1 0 21 26 692 1012
0 0 7 27 353 718
0 0 8 22 541 177
0 0 17 15 1103 586
0 0 8 23 1803 460
0 0 21 11 1898 456
1 0 26 6 1137 759
1 0 12 6 1638 319
0 0 17 4 1311 211
0 0 7 29 1439 1025
1 0 17 28 1839 870
0 0 28 18 611 344
0 0 19 4 804 563
0 0 9 27 1813 928
0 0 18 14 1887 731
0 0 20 18 1370 990
1 0 3 23 1757 630
0 0 14 7 1155 216
0 0 18 9 1838 1088
0 0 18 3 1189 476
0 0 25 12 1663 109
0 0 4 14 823 971
0 0 6 13 600 687
0 0 26 6 1586 990
1 0 21 28 1840 540
0 0 6 3 273 686
0 0 8 16 1329 550
0 0 15 3 578 418
0 0 17 19 856 1076
0 0 27 22 1627 924
0 0 16 21 267 175
0 0 23 9 749 770
0 0 20 26 727 666
1 0 11 19 858 1073
1 0 24 29 861 136
0 0 7 19 269 976
0 0 20 3 495 580
0 0 24 11 1222 510
0 0 24 13 1751 230
0 0 10 25 894 1087
0 0 20 25 984 1002
0 0 8 14 1901 239
0 0 11 15 1386 332
0 0 8 17 1295 836
0 0 18 17 475 1097
0 0 11 23 946 735
0 0 21 3 1750 881
0 0 6 14 553 974
0 0 8 25 743 224
0 0 26 8 804 522
0 0 5 21 1772 330
0 0 29 3 326 574
0 0 28 21 1180 833
0 0 20 5 1813 559
0 0 9 4 1083 1020
0 0 27 22 690 725
0 0 18 15 1340 291
0 0 14 28 221 363
0 0 11 6 1204 1034
0 0 25 17 287 105
0 0 13 28 1922 879
0 0 15 27 733 417
0 0 22 10 1166 194
0 0 6 10 391 658
0 0 15 12 898 818
0 0 20 16 862 542
0 0 21 13 1212 392
0 0 12 14 1758 172
0 0 10 17 1753 687
0 0 16 18 1172 683
0 0 15 27 1740 123
0 0 10 14 1704 573
0 0 22 24 1428 621
0 0 22 10 842 946
0 0 20 27 1834 546
0 0 23 19 1234 432
0 0 4 24 1619 949
0 0 29 7 472 424
0 0 26 10 1809 679
0 0 3 23 1006 993
0 0 10 12 1214 1089
1 0 13 5 439 985
0 0 20 8 1515 287
0 0 25 14 1493 141
0 0 16 29 585 453
0 0 27 20 1438 791
0 0 10 10 1738 511
0 0 25 17 572 945
0 0 8 8 864 883
0 0 10 14 1028 181
1 0 9 7 1323 661
0 0 21 11 360 553
0 0 6 25 203 789
0 0 19 17 1033 1054
0 0 13 22 1897 794
1 0 12 6 246 449
0 0 29 13 1583 516
0 0 7 14 570 323
0 0 11 27 361 248
0 0 3 28 636 318
0 0 7 17 1678 544
0 0 17 12 835 934
0 0 12 4 628 675
1 0 12 22 258 426
0 0 3 6 1653 944
0 0 6 5 789 535
0 0 8 3 833 911
0 0 16 21 1487 788
0 0 4 11 891 707
0 0 25 27 1606 466
0 0 7 23 793 245
0 0 5 17 843 538
0 0 5 19 1797 754
1 0 9 29 1897 145
1 0 26 11 1071 562
0 0 5 11 1373 306
1 0 9 7 317 699
0 0 15 21 1327 1040
0 0 5 11 1388 535
0 0 19 9 1836 931
0 0 11 23 1180 140
0 0 25 23 1058 987
0 0 4 20 651 913
0 0 20 4 206 740
0 0 12 9 1145 938
0 0 21 12 1014 353
0 0 11 14 242 210
0 0 19 13 1155 227
0 0 6 19 1791 888
0 0 17 29 924 382
0 0 15 20 966 447
0 0 24 21 1411 976
0 0 27 10 1570 780
0 0 5 23 1353 565
0 0 19 6 647 663
0 0 18 5 789 973
0 0 8 5 1155 454
0 0 14 26 1214 811
0 0 26 27 443 847
0 0 14 11 577 1028
0 0 18 29 346 971
0 0 13 19 441 1031
0 0 16 23 407 358
0 0 17 6 1328 299
0 0 9 16 813 404
0 0 26 7 1991 869
0 0 29 22 1799 185
0 0 24 22 1040 1058
0 0 17 6 274 971
0 0 19 29 1800 322
0 0 29 5 582 668
0 0 7 20 1612 610
1 0 20 11 269 189
0 0 26 27 964 516
0 0 9 14 755 179
0 0 14 5 1213 752
0 0 5 29 487 211
0 0 26 24 1283 134
0 0 14 4 1587 861
0 0 11 4 1690 977
0 0 19 29 1693 527
0 0 27 21 1707 868
0 0 5 8 473 580
0 0 13 5 1631 701
0 0 17 9 1659 1097
1 0 11 16 627 870
0 0 10 6 858 637
1 0 13 7 444 390
0 0 26 12 1495 666
0 0 22 21 1866 130
0 0 11 18 396 614
0 0 24 28 661 125
0 0 23 9 973 746
0 0 4 5 976 355
0 0 21 26 330 1033
0 0 17 21 1826 108
0 0 16 6 1165 478
0 0 11 23 976 791
0 0 8 27 1538 564
0 0 15 27 1198 756
0 0 19 7 769 508
1 0 7 5 845 1096
0 0 13 25 1209 272
0 0 16 19 1059 819
0 0 11 9 863 303
0 0 12 5 436 359
1 0 23 7 1663 915
0 0 15 20 1047 618
0 0 13 20 1730 851
0 0 4 9 1424 269
0 0 4 6 378 630
0 0 10 25 981 780
0 0 6 3 541 715
0 0 22 23 309 234
0 0 21 21 1769 223
0 0 14 25 1779 971
0 0 29 5 406 681
0 0 3 12 653 608
0 0 26 24 1370 270
0 0 24 15 1622 746
0 0 27 22 256 535
0 0 7 29 792 154
1 0 12 3 779 798
0 0 16 8 705 514
0 0 13 22 1318 198
0 0 29 13 979 364
1 0 29 8 1072 599
1 0 17 21 485 699
0 0 29 7 410 261
0 0 7 21 1490 421
0 0 5 17 210 519
0 0 12 15 1205 1024
0 0 17 23 1674 452
1 0 25 21 1562 711
0 0 18 5 1285 841
0 0 27 8 589 1039
0 0 16 16 724 692
0 0 13 4 428 174
0 0 22 21 1864 191
0 0 11 12 1532 777
0 0 27 20 1265 279
0 0 10 16 1456 645
1 0 19 28 1590 909
0 0 23 13 1584 963
1 0 3 9 900 681
0 0 16 27 737 725
0 0 4 24 1932 269
0 0 13 14 290 269
0 0 21 27 1215 155
0 0 25 26 476 807
0 0 9 6 1684 124
0 0 10 16 286 840
0 0 11 20 808 399
0 0 18 10 1151 855
0 0 9 17 1931 922
0 0 16 13 1250 941
0 0 29 29 455 628
0 0 26 18 1789 410
1 0 18 9 1039 335
1 0 20 24 1799 627
0 0 26 4 1567 899
0 0 23 4 1750 751
0 0 8 20 431 418
0 0 14 26 912 855
0 0 17 17 972 650
0 0 19 3 1522 424
0 0 29 8 1497 429
0 0 26 22 410 570
0 0 7 26 1449 707
0 0 7 17 1514 689
0 0 3 18 1427 898
0 0 16 27 682 160
0 0 17 9 507 255
0 0 20 18 1197 334
0 0 9 9 350 1050
0 0 11 21 1666 495
0 0 12 5 714 689
0 0 21 12 405 158
0 0 23 11 842 591
1 0 18 4 1711 508
0 0 9 9 284 1017
0 0 10 14 766 911
0 0 11 23 456 968
0 0 27 24 1413 636
0 0 22 15 1446 891
0 0 6 12 584 986
0 0 28 19 1492 1023
0 0 29 29 790 126
0 0 14 11 1295 456
0 0 14 11 1178 232
0 0 6 25 1660 582
0 0 19 26 1542 665
0 0 21 9 1049 692
0 0 25 16 319 186
0 0 26 6 750 483
1 0 3 20 1379 879
0 0 22 15 324 664
0 0 12 26 1190 804
0 0 24 18 759 1089
0 0 27 17 1309 980
0 0 24 8 317 806
1 0 22 6 350 308
0 0 20 8 375 849
0 0 20 20 922 970
0 0 27 18 1513 974
0 0 17 23 674 870
0 0 20 14 1786 719
0 0 17 3 1963 773
0 0 11 3 333 691
0 0 23 27 402 665
0 0 14 9 1257 1093
0 0 5 23 477 376
0 0 18 7 1760 776
0 0 26 27 923 910
0 0 18 4 1861 374
0 0 5 3 466 347
0 0 3 21 1969 589
0 0 12 26 381 645
0 0 28 28 1603 738
0 0 24 20 813 282
0 0 3 25 977 902
0 0 16 29 1250 988
0 0 10 29 314 204
1 0 10 14 1932 921
0 0 10 3 812 815
0 0 26 22 1832 661
0 0 22 3 1165 582
0 0 29 11 322 831
0 0 17 12 750 878
0 0 14 10 1798 422
0 0 27 24 1488 593
0 0 24 6 1692 685
0 0 8 25 598 487
1 0 7 7 1583 355
0 0 24 12 562 925
0 0 29 20 465 554
0 0 6 7 327 532
0 0 3 7 414 154
0 0 23 22 1974 598
0 0 6 14 433 276
0 0 8 3 1822 211
0 0 28 28 1104 1002
0 0 4 7 1800 831
1 0 20 19 336 885
0 0 5 6 1297 162
1 0 21 8 889 982
0 0 15 25 1702 301
0 0 14 11 680 162
0 0 11 3 1209 1072
0 0 11 16 466 283
0 0 19 17 965 199
0 0 8 18 304 1058
0 0 17 27 1610 563
0 0 20 7 1252 150
0 0 29 15 1827 901
0 0 7 22 1279 895
0 0 19 5 534 360
0 0 14 22 1810 279
0 0 15 9 666 941
0 0 29 20 1898 462
0 0 24 24 533 959
0 0 23 7 972 991
0 0 8 25 365 177
0 0 9 26 1498 919
0 0 11 10 1157 200
0 0 3 13 1445 457
0 0 6 4 310 761
0 0 23 26 1760 978
0 0 24 27 362 317
1 0 8 17 1441 294
0 0 7 21 1538 1031
0 0 9 7 653 838
0 0 4 15 1240 892
0 0 6 24 1054 952
0 0 20 7 1769 511
0 0 5 28 793 145
0 0 9 26 1650 565
0 0 22 6 417 844
0 0 6 28 364 671
1 0 6 15 362 700
0 0 20 14 415 467
0 0 28 10 559 598
0 0 13 27 1082 355
0 0 15 5 1951 847
0 0 27 25 938 151
0 0 4 4 1492 945
0 0 25 28 1229 898
0 0 4 14 1064 858
0 0 24 3 268 272
0 0 16 20 696 345
0 0 24 16 1765 247
0 0 8 29 1734 916
0 0 22 15 833 1015
0 0 12 27 1879 828
0 0 26 7 1703 689
1 0 22 3 1592 245
0 0 29 10 1761 319
0 0 21 11 1040 102
0 0 29 16 1527 458
0 0 25 24 1759 131
0 0 19 13 1515 1090
0 0 26 28 1884 487
0 0 7 27 563 976
0 0 27 10 393 457
0 0 23 23 1073 867
0 0 18 8 624 404
0 0 5 26 1032 111
0 0 13 13 1411 295
1 0 5 21 1620 276
1 0 18 18 1588 308
0 0 12 19 1294 291
0 0 25 22 694 812
0 0 23 13 1774 1087
0 0 29 20 1503 569
1 0 12 13 1891 185
0 0 14 25 854 852
0 0 26 17 1479 1052
0 0 25 12 1724 746
0 0 19 28 1230 984
0 0 28 21 578 603
0 0 14 10 1654 182
0 0 28 18 1833 695
0 0 14 16 1099 423
0 0 8 24 691 398
0 0 14 15 1217 1085
0 0 9 28 737 279
0 0 11 11 1142 296
0 0 28 25 942 423
0 0 5 29 377 284
0 0 21 5 1399 745
0 0 14 16 1526 730
0 0 6 15 632 452
0 0 15 21 1900 924
1 0 17 6 1660 916
0 0 9 12 1815 1017
1 0 27 7 1616 1027
0 0 19 8 1422 797
0 0 6 28 1222 176
0 0 18 3 533 390
0 0 21 27 1129 489
0 0 24 22 1707 527
0 0 14 11 913 1021
0 0 13 13 479 987
0 0 13 13 271 565
0 0 6 18 1419 1003
0 0 6 10 536 157
0 0 29 5 1786 1038
0 0 20 9 985 524
0 0 13 5 1578 249
0 0 8 16 1757 619
0 0 20 27 1577 795
0 0 14 7 1851 199
0 0 22 26 945 484
0 0 25 4 1635 662
0 0 7 3 762 1050
0 0 14 29 1897 430
0 0 9 14 382 1065
0 0 20 14 764 1045
0 0 18 13 319 268
0 0 21 12 250 333
0 0 25 10 983 894
0 0 5 29 492 1018
0 0 13 24 297 865
0 0 20 15 1493 584
0 0 13 5 1678 183
0 0 27 5 242 252
0 0 6 19 1911 597
0 0 20 8 326 842
0 0 20 14 678 223
1 0 6 7 412 627
0 0 12 13 1397 820
0 0 20 16 1740 874
0 0 7 5 1898 529
0 0 16 22 552 368
0 0 5 6 1793 378
0 0 11 24 1413 764
0 0 19 15 848 592
0 0 26 23 1695 174
0 0 23 5 1332 917
0 0 29 3 348 1063
0 0 21 13 1741 901
0 0 28 18 1308 213
0 0 24 24 655 183
0 0 23 19 1546 826
0 0 16 20 1615 975
0 0 14 16 1836 781
0 0 20 29 1664 627
0 0 20 11 1473 514
0 0 14 13 338 585
0 0 23 11 1531 841
0 0 11 19 1284 649
1 0 12 13 430 911
0 0 25 19 1554 229
0 0 16 24 355 285
0 0 15 24 405 265
0 0 13 23 1034 921
0 0 6 20 888 373
0 0 18 3 1061 353
0 0 5 28 1378 208
0 0 23 10 1855 266
1 0 16 7 1842 418
0 0 7 17 1085 825
0 0 25 23 1018 224
0 0 5 16 1361 851
0 0 22 12 1768 795
0 0 15 20 726 310
0 0 17 13 1173 210
0 0 22 28 576 699
0 0 13 3 1334 991
0 0 4 28 710 265
0 0 7 29 1667 364
0 0 24 18 1076 312
0 0 11 22 1445 486
0 0 28 25 476 234
0 0 24 3 1417 1048
0 0 16 21 1238 958
0 0 24 26 270 409
0 0 15 24 1566 383
0 0 20 9 1853 870
0 0 24 14 1412 463
1 0 23 9 1448 151
0 0 15 21 622 361
0 0 10 19 1362 1057
0 0 25 24 1258 860
0 0 10 28 790 168
0 0 6 13 1272 458
0 0 28 5 1198 281
0 0 17 14 513 371
0 0 20 28 1950 787
0 0 5 7 1931 989
0 0 14 9 678 426
1 0 15 18 1666 421
0 0 18 10 1132 774
0 0 27 3 1016 212
0 0 15 29 1005 214
0 0 18 9 558 398
0 0 16 15 1366 464
1 0 25 24 431 991
0 0 13 8 471 381
0 0 23 24 239 356
0 0 24 16 1359 1058
0 0 4 25 1373 480
0 0 19 8 1430 790
0 0 25 20 1321 229
0 0 29 11 811 485
0 0 25 3 1145 849
0 0 8 17 415 276
0 0 21 26 979 184
0 0 20 27 1092 119
0 0 7 3 550 460
0 0 27 6 1584 759
0 0 28 3 384 395
0 0 29 28 276 207
0 0 9 25 314 912
0 0 7 17 1276 100
0 0 28 8 1346 656
0 0 29 14 595 120
0 0 7 13 1679 384
0 0 11 26 239 339
0 0 21 3 1677 711
0 0 20 3 492 730
0 0 12 10 1755 845
0 0 16 17 822 500
0 0 7 13 864 1042
0 0 27 29 752 752
0 0 19 13 1073 882
0 0 15 20 1059 136
0 0 11 16 509 803
0 0 18 26 1721 940
0 0 21 9 1778 744
0 0 20 6 1572 1006
0 0 11 12 932 902
0 0 3 7 1257 1023
0 0 12 9 341 1067
0 0 10 5 614 114
0 0 18 27 1891 179
0 0 18 25 678 393
0 0 12 4 1651 287
0 0 3 24 818 697
0 0 29 15 1241 873
0 0 17 18 1918 834
0 0 22 5 626 291
0 0 10 27 664 836
0 0 21 14 1553 895
0 0 21 22 1283 282
0 0 5 22 1158 127
0 0 22 3 1440 238
1 0 13 23 1683 195
0 0 25 5 1036 791
0 0 20 9 765 951
0 0 12 14 1637 930
1 0 4 27 1832 680
0 0 3 21 791 522
0 0 21 12 1837 434
0 0 18 6 878 496
0 0 26 19 1573 477
1 0 5 5 1247 453
0 0 6 16 654 753
0 0 4 10 570 681
0 0 18 29 262 203
0 0 4 10 483 943
0 0 18 9 1632 394
0 0 16 27 1967 378
0 0 5 21 1162 198
1 0 8 24 1553 756
0 0 24 16 1310 730
0 0 7 19 1373 1043
0 0 6 29 1565 560
0 0 18 13 835 997
0 0 21 28 1677 1046
0 0 13 3 788 801
0 0 20 8 731 807
1 0 22 7 1169 693
0 0 21 15 1939 596
1 0 13 11 332 167
0 0 29 5 511 630
0 0 21 12 1794 893
0 0 7 18 987 455
0 0 10 23 313 356
0 0 8 20 1794 778
0 0 16 19 1356 210
0 0 7 26 1957 609
0 0 17 25 1950 502
0 0 11 25 1275 394
0 0 24 14 983 312
1 0 18 15 1490 928
0 0 5 13 601 805
0 0 14 20 1934 365
0 0 3 9 1838 467
0 0 27 25 1478 689
0 0 28 14 1529 630
0 0 22 17 671 643
0 0 6 4 376 102
1 0 11 11 546 270
0 0 11 12 1931 900
0 0 26 24 1105 651
0 0 23 25 1103 416
0 0 28 4 1303 350
0 0 19 4 1617 571
0 0 21 15 538 362
0 0 15 17 944 214
0 0 20 12 497 129
0 0 11 9 1932 377
0 0 21 18 267 961
0 0 4 6 1807 687
0 0 23 10 745 120
0 0 29 29 1368 1053
0 0 4 18 1908 201
0 0 13 25 901 158
0 0 5 9 1986 768
0 0 23 12 584 774
0 0 10 22 1449 362
0 0 17 14 1044 816
0 0 14 3 953 358
1 0 6 17 913 208
0 0 29 6 1219 250
0 0 22 27 486 371
0 0 14 8 1601 806
0 0 7 4 306 106
0 0 11 3 764 251
0 0 23 17 807 826
0 0 18 14 1239 331
0 0 20 5 872 1059
0 0 16 12 1871 515
0 0 19 17 1104 210
0 0 3 25 551 139
0 0 22 26 311 601
1 0 18 9 1178 895
0 0 15 28 293 147
0 0 3 21 1811 612
0 0 14 22 1256 1031
0 0 24 27 1670 878
1 0 25 5 538 764
0 0 8 18 1904 708
0 0 17 21 1781 841
0 0 15 4 1063 849
0 0 3 29 1743 495
0 0 29 21 1914 751
1 0 13 24 642 1063
1 0 28 7 659 116
0 0 20 3 703 814
0 0 3 20 1857 1032
0 0 5 24 538 806
0 0 6 5 1730 123
0 0 26 3 1811 600
0 0 7 18 938 205
0 0 13 15 1466 180
0 0 20 26 794 981
0 0 11 5 1360 294
0 0 20 24 1314 599
0 0 20 24 1213 392
0 0 22 8 429 622
0 0 26 23 1084 999
0 0 8 12 1314 693
0 0 17 15 833 295
0 0 20 14 1012 1043
0 0 14 27 1550 730
1 0 17 3 683 395
0 0 15 23 1200 799
0 0 6 7 1292 886
0 0 16 9 1194 746
0 0 26 9 740 488
0 0 5 20 1094 434
0 0 11 18 1981 1038
0 0 20 18 434 525
0 0 13 19 1655 528
0 0 13 26 1340 1064
1 0 5 8 1119 980
0 0 5 25 242 290
0 0 11 22 1899 422
0 0 29 13 1117 618
1 0 6 15 1576 770
0 0 23 3 311 647
0 0 6 4 1504 151
0 0 26 21 1772 561
0 0 18 10 618 905
0 0 8 28 319 211
0 0 19 25 1879 1042
0 0 23 5 1646 344
0 0 27 19 282 854
0 0 29 8 1284 880
0 0 19 28 1265 182
0 0 16 27 1225 987
0 0 19 26 378 657
0 0 6 23 662 680
1 0 16 7 1603 549
0 0 27 27 1459 319
0 0 7 20 454 908
0 0 8 27 778 195
0 0 21 23 1380 503
0 0 15 17 1262 551
0 0 7 12 719 597
0 0 17 18 1931 420
1 0 13 9 616 365
0 0 11 16 1823 761
0 0 18 20 1740 632
0 0 16 11 1082 361
0 0 27 26 1370 812
0 0 11 21 769 941
0 0 8 17 487 682
0 0 20 27 1679 1016
0 0 10 12 603 180
0 0 6 12 250 176
0 0 11 15 1390 107
0 0 16 25 773 549
0 0 9 15 1366 1087
0 0 18 11 1591 655
0 0 18 14 988 755
0 0 19 9 1477 987
0 0 18 10 1623 590
0 0 26 24 1181 740
0 0 22 19 797 551
0 0 13 24 1068 545
0 0 14 20 1081 418
0 0 19 18 385 1058
0 0 21 26 1853 723
0 0 13 21 1902 681
0 0 15 12 1642 1011
0 0 6 26 1370 190
0 0 23 15 730 618
0 0 22 27 279 408
0 0 7 15 728 261
0 0 23 14 1637 123
0 0 17 10 900 172
0 0 18 7 1905 380
0 0 27 8 1150 741
0 0 20 17 1185 543
0 0 17 21 1904 120
0 0 24 24 1575 677
0 0 18 12 938 1046
1 0 28 13 674 974
0 0 22 20 1454 736
0 0 14 26 597 501
0 0 13 11 1830 432
0 0 16 18 1533 926
0 0 16 8 674 346
1 0 6 25 483 267
0 0 24 13 1378 861
1 0 21 9 1273 449
0 0 25 22 1300 617
0 0 28 13 489 1026
0 0 29 4 795 924
0 0 23 9 1608 417
0 0 24 15 1850 365
0 0 3 16 992 651
0 0 12 16 1455 602
0 0 9 16 1216 964
0 0 26 3 1659 111
1 0 26 22 1189 1024
0 0 9 26 1536 1024
0 0 25 4 935 117
1 0 27 8 892 309
0 0 4 11 1397 988
0 0 3 9 1046 982
0 0 4 28 1838 1029
0 0 21 29 1064 467
0 0 3 11 1459 909
0 0 19 21 1539 935
0 0 16 23 761 159
0 0 4 8 1348 1097
0 0 15 27 765 1065
0 0 12 14 1237 199
0 0 4 16 1484 987
0 0 4 29 1382 625
0 0 15 27 286 709
0 0 3 25 1288 531
1 0 29 13 636 527
0 0 25 5 1418 1013
0 0 23 15 232 120
0 0 13 10 940 722
0 0 18 21 790 538
0 0 4 26 552 975
0 0 25 21 1910 753
0 0 14 25 921 833
0 0 13 23 1948 482
0 0 17 29 448 409
0 0 4 26 624 870
0 0 23 4 564 1086
0 0 11 6 1772 882
0 0 6 28 697 413
0 0 24 8 611 790
0 0 19 19 438 785
0 0 10 11 1484 445
0 0 20 12 1138 857
0 0 12 16 1157 942
0 0 29 16 1884 1065
0 0 15 23 859 830
1 0 29 15 606 111
0 0 15 24 1278 513
0 0 22 6 1897 846
0 0 24 20 1455 374
0 0 14 20 1401 807
0 0 13 24 1784 648
0 0 23 15 204 1008
1 0 26 11 631 446
0 0 17 11 208 147
1 0 19 5 1362 772
0 0 19 13 1137 201
0 0 24 13 428 687
0 0 19 9 983 812
1 0 20 27 1501 636
0 0 11 21 327 454
1 0 21 17 1120 1047
0 0 4 17 1676 1041
0 0 24 28 1630 418
0 0 26 9 1371 356
0 0 15 17 1242 375
1 0 15 13 582 315
0 0 12 10 348 1096
0 0 23 27 263 381
0 0 21 22 1097 620
0 0 28 25 1411 978
0 0 23 21 262 253
0 0 25 6 727 675
0 0 8 18 1684 164
0 0 6 14 253 918
0 0 16 3 250 315
0 0 13 6 1570 581
0 0 17 21 1474 1062
0 0 28 27 1413 928
1 0 21 25 1337 959
0 0 19 23 878 186
0 0 15 12 1269 398
1 0 23 28 1134 509
0 0 12 7 1546 597
0 0 24 20 1367 546
0 0 14 5 976 973
1 0 24 11 1861 947
0 0 21 19 1197 501
0 0 12 27 1170 492
0 0 28 15 1696 903
0 0 22 5 1897 348
0 0 24 18 602 147
1 0 14 29 1550 921
0 0 17 9 1165 214
0 0 18 10 908 898
0 0 12 20 888 888
0 0 20 22 291 160
1 0 24 26 746 558
0 0 16 13 805 595
0 0 26 6 262 100
0 0 10 26 422 822
0 0 6 17 227 971
0 0 6 25 930 867
1 0 11 18 1504 669
0 0 19 14 1006 1091
0 0 27 20 1098 416
0 0 17 5 1393 506
0 0 18 28 1894 331
0 0 8 9 1072 127
0 0 6 21 243 782
1 0 3 17 1259 450
1 0 16 28 1224 1033
0 0 5 29 933 939
0 0 11 20 279 1012
0 0 11 3 1420 933
0 0 10 14 713 704
0 0 17 15 1805 671
0 0 18 7 1532 630
0 0 26 28 939 402
0 0 12 17 1150 313
0 0 18 13 686 286
0 0 21 12 1683 856
0 0 28 16 1525 102
0 0 26 21 1162 266
0 0 11 3 1719 218
0 0 14 22 512 331
0 0 7 3 1775 523
0 0 21 19 1331 129
0 0 12 16 383 393
0 0 26 7 878 947
1 0 22 6 1199 928
1 0 6 19 231 589
0 0 12 17 1967 900
0 0 5 17 1414 816
0 0 20 9 1552 887
0 0 28 22 330 969
0 0 23 3 1265 683
0 0 19 5 256 357
0 0 4 9 927 784
0 0 13 22 1185 911
0 0 26 23 585 1039
0 0 20 10 1056 1060
1 0 4 25 669 598
0 0 10 20 716 210
0 0 26 29 512 149
0 0 19 21 651 284
0 0 21 12 618 618
0 0 27 6 1941 707
1 0 22 6 929 374
0 0 11 15 576 119
0 0 16 26 1301 152
0 0 9 27 819 873
0 0 11 26 860 988
0 0 11 7 914 920
0 0 12 22 1267 531
0 0 22 7 1025 741
0 0 10 3 526 1051
1 0 19 20 748 466
0 0 13 26 263 450
0 0 6 9 1846 415
0 0 13 17 536 223
0 0 9 24 285 915
0 0 17 3 825 121
0 0 16 6 1559 452
0 0 22 6 721 540
0 0 11 23 436 170
0 0 20 28 1947 157
0 0 17 6 600 451
0 0 20 29 388 851
1 0 27 20 1037 526
0 0 20 15 422 1053
0 0 29 8 1793 990
0 0 5 24 1244 370
0 0 8 13 446 227
0 0 15 4 1533 1089
0 0 5 13 1600 551
0 0 5 24 733 999
0 0 19 11 1050 997
0 0 23 19 1337 948
0 0 28 20 1724 478
0 0 26 27 516 259
0 0 13 24 403 467
0 0 25 26 660 769
0 0 20 22 775 685
0 0 16 7 1937 963
0 0 13 6 1717 135
0 0 28 27 550 833
0 0 25 26 354 494
0 0 22 7 956 550
0 0 19 17 1642 1054
0 0 19 8 1714 968
0 0 28 18 1679 309
0 0 11 10 1912 785
0 0 27 8 1604 597
1 0 22 11 1988 182
0 0 27 14 1009 629
0 0 9 20 1585 222
0 0 17 25 293 1015
0 0 24 11 689 764
0 0 6 16 921 656
1 0 25 26 1527 872
0 0 3 27 544 1083
0 0 16 14 1481 520
1 0 17 10 276 264
0 0 17 15 575 530
0 0 10 24 650 769
0 0 13 18 1870 1001
0 0 20 20 911 895
0 0 10 14 693 1079
0 0 26 15 1098 361
0 0 20 20 1476 563
1 0 8 22 1683 733
1 0 29 11 419 1081
0 0 9 13 1255 152
0 0 6 27 1535 999
0 0 23 12 1674 653
0 0 28 26 1446 142
0 0 28 27 1560 494
0 0 14 15 1746 586
0 0 29 29 465 750
0 0 3 23 264 1057
0 0 9 24 966 321
0 0 8 4 212 645
0 0 20 4 1417 681
0 0 5 18 1147 366
0 0 10 5 607 227
0 0 5 13 760 163
0 0 10 28 516 955
0 0 22 29 636 603
0 0 6 21 636 957
0 0 27 7 628 1022
0 0 12 3 1056 434
0 0 25 24 670 176
0 0 15 4 1673 307
0 0 5 21 1788 985
0 0 6 6 445 202
0 0 8 10 779 743
0 0 29 3 1894 817
0 0 13 15 1117 444
0 0 9 25 1346 945
0 0 10 23 637 888
0 0 26 17 1745 1021
0 0 20 14 414 447
0 0 17 4 1196 731
0 0 25 26 1500 510
0 0 23 17 258 359
0 0 21 25 1557 453
0 0 26 8 383 412
1 0 19 21 1438 896
0 0 14 29 604 636
0 0 26 18 1498 990
0 0 11 28 1628 544
1 0 23 10 763 678
0 0 3 4 287 234
0 0 27 5 1919 560
0 0 22 4 1271 406
0 0 24 17 818 526
0 0 18 23 1590 522
0 0 25 9 1236 254
0 0 13 7 876 665
0 0 15 11 1760 214
0 0 11 13 735 1044
0 0 7 17 746 227
0 0 7 26 1329 557
0 0 29 27 311 674
0 0 7 14 1903 1075
0 0 8 3 1449 352
0 0 15 26 345 824
0 0 4 17 595 102
0 0 4 7 699 455
0 0 9 7 403 595
0 0 6 7 939 238
0 0 28 12 646 304
0 0 6 17 1004 740
0 0 28 6 1076 1094
0 0 4 24 1675 1024
0 0 27 15 844 523
0 0 22 26 1477 982
0 0 18 28 810 695
0 0 8 22 1684 324
0 0 28 14 1114 849
0 0 22 10 1347 668
0 0 27 5 398 308
0 0 20 5 1622 440
0 0 18 4 1312 240
0 0 13 12 912 255
0 0 9 23 1834 418
0 0 4 5 241 151
0 0 12 14 762 799
0 0 12 10 1214 327
0 0 25 26 213 281
0 0 24 24 1065 334
1 0 26 5 1025 345
0 0 15 26 886 213
0 0 25 6 869 270
0 0 12 27 1393 608
0 0 7 29 435 402
0 0 20 11 750 127
0 0 28 16 297 424
0 0 11 3 1339 841
1 0 23 6 818 158
0 0 5 21 389 381
0 0 8 27 962 505
0 0 7 11 1905 268
0 0 9 9 707 650
0 0 22 7 521 205
0 0 24 11 883 134
0 0 18 10 1059 163
0 0 11 8 1641 1060
0 0 26 26 1014 382
0 0 9 5 1225 352
0 0 16 27 1720 587
0 0 12 8 1677 204
0 0 22 22 1580 838
0 0 17 28 1058 869
0 0 26 15 824 427
0 0 29 3 1524 737
0 0 23 7 933 763
1 0 7 12 536 676
0 0 25 8 786 1068
0 0 23 17 1284 841
0 0 16 10 480 925
0 0 22 20 726 572
0 0 28 13 1409 653
0 0 12 7 784 1089
1 0 18 21 1547 411
0 0 6 26 240 988
0 0 22 12 1834 551
0 0 26 23 1220 448
0 0 25 25 783 150
0 0 23 22 1625 947
1 0 17 8 456 1077
0 0 26 29 1244 438
0 0 14 18 708 638
0 0 28 27 1855 727
0 0 24 27 1633 606
1 0 15 20 1786 647
0 0 17 13 1930 1043
0 0 7 23 1169 420
0 0 16 24 1103 284
0 0 7 4 884 532
0 0 29 16 1981 276
0 0 4 5 1707 998
0 0 24 12 1949 876
0 0 29 8 1143 439
0 0 12 6 1222 651
0 0 20 12 1524 574
0 0 25 29 422 229
0 0 22 15 929 722
0 0 7 10 1787 139
0 0 15 27 825 562
0 0 7 6 1482 922
0 0 8 5 1562 299
1 0 29 15 1550 534
0 0 13 24 660 107
0 0 4 26 1842 780
0 0 29 15 1272 725
0 0 22 29 435 389
0 0 15 23 351 495
0 0 24 12 1226 242
0 0 27 10 1078 881
1 0 14 15 653 906
0 0 6 8 1244 678
0 0 9 8 1190 933
0 0 6 5 1771 903
0 0 28 8 623 579
0 0 4 15 1265 910
0 0 7 15 1798 892
0 0 28 7 887 941
0 0 17 4 1192 428
1 0 12 25 1429 687
0 0 17 25 1512 917
0 0 10 6 346 691
0 0 23 23 1989 392
0 0 29 7 1668 636
0 0 26 7 517 158
0 0 12 18 1390 1034
0 0 14 21 1167 261
0 0 13 16 1689 1087
0 0 4 13 1488 398
0 0 21 8 1239 1068
0 0 8 9 1868 323
0 0 12 17 394 881
1 0 14 13 584 555
0 0 27 7 901 897
0 0 21 25 965 804
0 0 15 26 1296 508
0 0 5 16 524 414
0 0 16 29 1928 386
0 0 27 25 668 304
0 0 18 9 222 161
0 0 7 23 1780 901
0 0 27 7 1358 1084
0 0 6 26 563 817
0 0 20 15 1016 497
0 0 5 18 566 370
0 0 27 20 1731 235
0 0 8 20 721 815
0 0 10 28 1276 239
0 0 3 16 590 125
0 0 7 27 216 511
0 0 11 27 1097 502
0 0 15 11 818 278
0 0 22 13 471 831
0 0 21 16 860 209
0 0 17 25 639 269
0 0 27 7 1112 539
1 0 13 28 215 398
0 0 13 6 339 891
0 0 20 27 920 669
1 0 29 18 673 798
0 0 28 16 594 862
0 0 5 4 300 918
0 0 22 19 1415 941
0 0 22 4 282 197
0 0 28 6 528 600
0 0 26 9 1988 408
1 0 19 18 1037 847
0 0 10 5 402 574
0 0 17 29 608 686
0 0 13 6 1459 1024
0 0 16 11 911 346
0 0 9 20 942 785
0 0 15 7 315 189
0 0 21 28 1673 639
0 0 15 9 1600 960
0 0 3 8 569 1029
0 0 8 15 1525 734
0 0 6 14 1778 353
0 0 5 21 1729 235
0 0 27 22 1212 916
0 0 12 14 773 921
0 0 22 14 1857 262
0 0 16 13 1990 812
0 0 26 24 1792 196
0 0 5 9 1191 805
0 0 8 7 538 553
0 0 4 11 1451 813
0 0 27 4 1375 777
0 0 29 12 228 316
0 0 9 4 1769 776
0 0 6 22 1500 207
0 0 7 9 1705 950
0 0 7 11 1367 1024
0 0 10 19 1152 235
0 0 27 3 1584 881
1 0 26 17 725 690
0 0 21 28 1824 977
0 0 14 13 1081 483
0 0 5 7 518 580
0 0 16 19 1239 1076
0 0 21 22 1322 314
0 0 16 28 941 173
0 0 6 15 1446 1080
0 0 29 21 1009 640
0 0 5 4 1895 574
0 0 19 8 1577 1074
0 0 3 8 876 551
1 0 6 23 1122 1089
0 0 4 5 765 511
1 0 17 28 1118 303
0 0 22 21 530 322
0 0 12 15 1520 718
0 0 27 24 1050 1096
0 0 12 7 1175 875
0 0 18 14 657 1002
0 0 10 27 420 680
0 0 11 27 1784 356
0 0 9 4 416 1025
0 0 3 21 1863 436
0 0 13 26 277 142
1 0 3 27 431 898
1 0 28 25 488 235
0 0 11 29 656 970
1 0 23 22 309 522
0 0 13 11 1071 527
0 0 17 27 928 217
0 0 15 21 744 625
0 0 9 3 782 612
0 0 15 14 371 288
0 0 20 29 709 498
1 0 22 19 402 1042
0 0 19 20 1782 355
0 0 17 13 1659 517
0 0 9 9 518 717
0 0 14 22 1893 901
0 0 28 6 969 669
1 0 29 16 231 111
1 0 29 23 1342 849
0 0 24 11 618 766
0 0 8 14 1787 964
0 0 17 25 612 182
0 0 5 28 836 428
0 0 10 21 1189 717
0 0 7 16 1461 273
0 0 6 17 1365 902
0 0 17 12 1367 795
0 0 25 22 1497 887
0 0 20 24 274 292
0 0 27 25 1136 791
1 0 17 3 558 160
0 0 4 12 1120 900
0 0 16 17 1213 902
0 0 25 29 283 335
0 0 19 28 779 788
0 0 26 11 1065 530
1 0 8 26 1466 595
0 0 26 26 415 918
0 0 3 13 753 321
0 0 18 16 1661 232
0 0 18 8 1716 1053
0 0 13 17 1701 109
0 0 24 29 1672 888
0 0 26 26 1089 703
0 0 7 9 1762 603
1 0 7 29 384 401
0 0 21 21 1158 343
0 0 18 9 769 348
1 0 22 19 1052 566
0 0 27 7 1543 357
1 0 8 17 243 883
0 0 5 14 939 924
0 0 28 24 1752 494
0 0 4 20 895 633
0 0 27 27 1485 773
0 0 20 5 536 988
0 0 11 9 877 587
0 0 4 27 1151 1084
0 0 25 6 518 211
1 0 3 19 342 882
0 0 18 5 310 740
0 0 3 20 619 1096
0 0 14 22 482 235
0 0 23 25 234 839
0 0 23 11 624 785
1 0 11 26 1434 681
0 0 14 17 514 229
0 0 28 29 368 148
0 0 26 10 1044 1037
0 0 8 22 207 764
0 0 26 16 435 1020
0 0 7 3 1598 568
0 0 8 6 1797 959
0 0 23 21 1474 384
0 0 4 15 1748 247
0 0 5 19 528 496
0 0 7 10 1043 336
1 0 5 8 809 470
0 0 11 3 1131 671
0 0 25 17 323 792
0 0 22 22 970 476
0 0 5 27 1694 179
0 0 10 10 933 541
0 0 29 9 1045 997
0 0 17 11 531 335
0 0 16 18 651 146
0 0 9 25 1147 710
0 0 26 17 1753 102
0 0 28 3 1332 149
0 0 14 20 1359 751
1 0 14 23 1148 150
0 0 9 5 203 607
0 0 9 16 626 353
0 0 24 18 1116 813
0 0 16 19 1857 601
0 0 5 7 619 555
0 0 10 4 1723 489
1 0 23 23 1243 328
0 0 10 21 949 437
0 0 19 18 1679 511
0 0 3 16 757 779
0 0 14 17 1183 782
0 0 11 25 1461 401
0 0 9 10 541 792
0 0 26 17 1389 777
0 0 18 8 1103 816
0 0 28 27 1341 156
0 0 5 12 705 446
0 0 12 28 1376 1056
0 0 20 4 696 541
0 0 23 20 962 170
0 0 25 24 1508 983
0 0 18 20 838 906
0 0 14 15 431 584
0 0 14 22 1907 966
1 0 6 28 1637 844
0 0 24 9 1358 944
0 0 17 20 1480 661
0 0 21 24 858 470
0 0 26 16 1034 530
0 0 6 19 953 139
0 0 16 7 1051 995
0 0 6 9 509 852
0 0 23 26 743 845
0 0 22 21 691 222
0 0 18 13 1316 519
0 0 14 4 1491 1081
0 0 9 19 1160 828
0 0 24 26 1258 721
0 0 10 29 679 371
0 0 23 13 1342 431
1 0 6 15 341 518
0 0 14 20 1185 444
0 0 19 3 1498 462
0 0 15 23 1788 911
0 0 18 29 295 891
0 0 26 21 1127 883
0 0 8 24 1127 434
0 0 7 8 1540 262
0 0 15 19 1775 471
0 0 9 24 1169 733
0 0 7 4 1825 204
0 0 29 28 305 927
0 0 27 24 640 543
0 0 18 18 1926 744
0 0 28 15 424 866
0 0 23 12 1334 812
0 0 16 24 972 560
0 0 19 10 1510 540
1 0 29 29 1428 203
0 0 6 28 355 357
0 0 3 15 310 1065
0 0 13 9 1365 1090
0 0 16 26 1174 255
0 0 29 4 1580 932
0 0 4 21 311 956
0 0 9 11 379 642
0 0 27 10 1891 1061
0 0 29 5 1318 538
0 0 20 25 1051 474
0 0 13 8 1433 320
0 0 24 12 1200 298
0 0 7 14 1544 352
0 0 17 4 531 530
0 0 17 27 1792 780
1 0 29 17 1783 999
0 0 29 7 1447 439
0 0 24 5 1213 549
0 0 22 28 501 670
0 0 28 20 1843 744
0 0 5 9 1373 811
0 0 23 26 1460 677
0 0 24 28 1637 861
0 0 4 4 512 126
0 0 18 24 621 225
0 0 25 29 1652 788
0 0 14 27 1567 201
0 0 14 12 989 380
0 0 7 5 1943 704
0 0 19 21 1149 1042
0 0 28 14 548 769
0 0 11 25 1085 598
0 0 9 27 646 881
0 0 3 24 1885 361
0 0 24 29 1262 1063
0 0 20 16 1094 518
0 0 9 7 844 469
0 0 23 22 1122 202
0 0 13 12 1055 180
0 0 13 28 1191 111
0 0 18 17 1455 1060
0 0 6 16 443 453
0 0 28 22 1547 772
0 0 12 29 793 287
1 0 16 17 746 829
0 0 12 5 903 684
1 0 21 8 1070 447
0 0 27 7 1308 954
1 0 25 26 703 101
0 0 4 26 1775 739
0 0 24 19 298 820
0 0 25 14 213 754
0 0 16 7 399 373
0 0 26 20 521 675
0 0 29 13 422 990
0 0 11 11 244 771
0 0 12 19 1293 466
0 0 5 29 1489 928
0 0 29 5 1220 842
0 0 18 8 1015 883
0 0 9 4 1728 289
0 0 8 24 648 909
0 0 12 15 559 142
0 0 24 5 1187 1099
0 0 25 23 356 139
0 0 10 13 331 591
0 0 3 14 409 466
0 0 7 26 297 343
0 0 8 28 1482 1046
0 0 12 26 1342 1092
0 0 11 22 549 387
0 0 9 25 1705 1001
0 0 8 27 1930 340
0 0 13 12 1314 195
0 0 3 21 976 1002
0 0 11 12 1564 545
0 0 16 23 1719 517
0 0 29 10 621 687
0 0 24 5 1206 636
0 0 15 13 1154 588
0 0 27 14 997 823
0 0 24 28 927 203
0 0 27 8 712 395
0 0 7 24 1122 698
0 0 28 6 1596 621
0 0 12 11 1644 1093
0 0 12 3 239 685
0 0 23 14 1762 335
0 0 24 22 1777 635
0 0 16 18 1247 1076
0 0 16 15 1217 213
0 0 27 8 395 805
0 0 6 7 1013 778
0 0 15 4 370 969
0 0 29 18 480 806
0 0 5 3 1946 400
0 0 4 20 1842 1082
0 0 27 19 1760 269
0 0 16 9 1481 1000
0 0 17 13 264 706
0 0 5 9 1409 645
0 0 16 28 306 110
1 0 13 27 567 505
0 0 29 19 368 652
0 0 10 7 245 871
1 0 11 20 654 270
0 0 29 14 1172 580
0 0 21 27 1291 1003
0 0 3 27 442 643
0 0 20 22 1486 208
1 0 4 16 1590 424
0 0 9 7 408 1076
0 0 24 5 1838 334
0 0 27 24 1641 456
0 0 15 12 1074 909
0 0 17 9 1248 111
0 0 3 19 1388 128
0 0 19 24 1172 106
0 0 17 8 531 255
0 0 14 10 341 481
0 0 22 10 433 785
0 0 7 14 1895 949
0 0 19 7 288 201
0 0 13 22 287 284
0 0 8 29 294 273
0 0 25 22 356 204
0 0 29 15 840 1091
0 0 16 6 1647 277
0 0 16 9 1008 781
0 0 16 29 816 133
0 0 12 21 838 252
0 0 23 27 358 632
0 0 21 24 975 933
1 0 11 20 603 1018
0 0 16 5 376 1030
1 0 26 17 1580 981
0 0 26 25 534 638
0 0 28 26 654 562
1 0 11 11 1070 832
1 0 12 10 365 111
0 0 27 27 522 565
0 0 14 17 1527 345
0 0 20 11 711 811
0 0 16 24 1316 530
0 0 5 29 709 482
0 0 23 21 1713 225
0 0 17 13 1775 292
0 0 9 21 1926 110
1 0 19 14 788 978
1 0 22 5 922 937
0 0 16 14 1113 452
0 0 10 21 769 645
1 0 29 7 738 566
0 0 11 11 1003 916
0 0 19 20 1680 1006
0 0 4 20 1958 829
0 0 11 6 1062 827
0 0 7 6 1227 452
0 0 13 3 1651 421
0 0 7 4 1048 965
1 0 5 27 1187 984
0 0 12 19 1726 282
0 0 12 13 1797 889
0 0 23 3 216 329
0 0 6 25 800 389
0 0 12 15 1005 628
1 0 23 18 847 200
0 0 10 5 1690 561
0 0 17 20 666 1018
0 0 13 10 615 609
0 0 11 9 218 974
0 0 22 8 1528 998
0 0 3 5 1872 974
0 0 17 24 337 397
1 0 13 10 1131 958
1 0 16 29 654 1025
0 0 9 18 1510 239
0 0 11 12 1475 630
0 0 16 11 538 360
0 0 11 16 944 788
0 0 22 10 873 1088
0 0 4 23 1238 624
0 0 28 15 1954 458
0 0 18 4 1847 478
0 0 7 23 829 651
0 0 24 15 723 263
0 0 26 19 1752 748
0 0 6 28 724 271
0 0 13 9 918 157
0 0 17 9 1876 901
0 0 24 11 253 597
0 0 3 13 1312 710
0 0 12 28 1637 685
0 0 14 20 1072 574
0 0 24 29 1723 1001
0 0 22 16 1329 474
0 0 6 21 1868 452
0 0 7 21 457 552
0 0 13 15 364 869
0 0 6 5 1648 703
0 0 19 10 1035 680
0 0 7 3 1795 221
0 0 16 17 1793 307
0 0 5 16 1438 589
1 0 10 22 1613 512
0 0 13 24 1110 935
1 0 24 14 1636 545
0 0 12 27 825 215
1 0 25 12 1341 826
0 0 27 18 1747 1060
0 0 23 8 1271 420
0 0 17 6 1098 936
0 0 12 14 1000 311
0 0 25 23 1300 900
0 0 24 13 1835 895
0 0 13 16 1374 420
0 0 9 11 1532 1078
0 0 22 27 1142 746
0 0 17 5 466 691
0 0 5 14 1027 841
0 0 15 22 217 573
0 0 26 26 1676 277
0 0 13 17 1889 180
0 0 23 21 1454 207
0 0 29 9 1254 971
0 0 12 24 1198 587
0 0 25 20 1812 1033
1 0 22 29 1436 661
0 0 29 20 1914 1061
0 0 21 25 1411 992
0 0 18 17 1347 161
0 0 12 17 591 771
0 0 18 19 245 135
0 0 14 13 1439 894
0 0 11 7 1917 988
0 0 12 26 1874 1040
0 0 3 16 1640 448
0 0 11 9 1328 765
0 0 20 21 208 770
1 0 5 29 1488 723
0 0 6 7 206 953
0 0 11 24 568 765
0 0 15 24 1495 234
0 0 13 18 1358 556
0 0 4 4 1241 860
0 0 15 29 1799 1015
0 0 20 19 1990 685
0 0 8 27 1178 908
0 0 16 17 221 1091
0 0 26 22 1803 1020
0 0 22 24 212 488
0 0 18 11 1334 640
0 0 27 29 1157 646
1 0 15 20 1440 681
0 0 26 25 608 162
0 0 22 19 1042 457
1 0 22 16 1068 857
0 0 3 13 690 396
0 0 25 24 973 245
0 0 9 20 343 919
0 0 17 25 1619 1031
0 0 22 20 754 608
0 0 5 29 612 1083
0 0 4 20 1326 461
0 0 7 15 1072 1087
0 0 11 17 1753 106
0 0 13 9 606 609
0 0 13 9 232 1058
0 0 7 23 719 387
0 0 18 12 908 118
0 0 18 24 1836 477
0 0 12 29 1428 706
0 0 20 7 1081 525
0 0 17 6 1370 806
1 0 18 18 610 160
0 0 11 9 1582 559
0 0 6 17 1976 361
0 0 16 5 1660 1025
0 0 29 27 942 800
0 0 7 22 1670 505
0 0 15 20 803 177
0 0 10 10 1547 557
0 0 15 4 1169 978
0 0 29 11 1380 572
0 0 17 22 568 1026
0 0 8 29 1239 134
0 0 8 26 1494 826
0 0 25 20 1156 884
0 0 3 8 982 1095
0 0 15 17 312 1062
0 0 25 28 1686 281
0 0 19 13 1471 946
0 0 9 17 898 714
0 0 3 20 1961 683
0 0 10 19 1829 966
0 0 20 11 546 743
0 0 9 11 548 540
1 0 28 27 682 1029
0 0 23 19 1144 1100
0 0 18 9 1215 1040
1 0 14 13 1319 320
0 0 20 17 1708 1045
0 0 20 21 821 924
0 0 15 26 892 961
0 0 8 3 970 105
0 0 14 23 1389 849
0 0 28 4 1988 1008
0 0 16 13 942 959
0 0 15 3 883 487
0 0 3 5 483 830
1 0 20 8 1698 534
0 0 29 16 466 931
1 0 19 26 1410 873
0 0 15 4 1329 656
0 0 28 19 991 297
1 0 25 4 1018 457
0 0 5 24 691 588
0 0 23 9 1309 365
0 0 11 18 1310 1018
0 0 24 5 363 172
0 0 17 6 1974 513
0 0 14 15 1400 204
0 0 7 6 963 648
0 0 15 5 880 778
0 0 3 17 476 555
0 0 4 11 473 524
1 0 14 5 1874 161
0 0 23 7 489 321
0 0 14 3 212 766
0 0 22 15 1506 633
0 0 19 21 292 161
0 0 23 5 839 943
0 0 27 27 1045 410
0 0 4 14 606 521
0 0 14 28 1986 242
0 0 11 24 458 264
0 0 4 17 720 961
0 0 19 7 987 248
0 0 12 27 237 271
1 0 23 3 1193 856
0 0 10 4 1981 173
0 0 12 6 515 144
0 0 21 23 1221 160
0 0 23 18 267 882
0 0 28 9 1379 942
1 0 28 21 1460 566
0 0 13 11 1728 681
0 0 27 21 822 741
0 0 27 29 556 223
0 0 26 28 1053 407
0 0 20 15 1787 167
0 0 14 5 1376 1040
0 0 16 25 913 561
0 0 21 28 1794 593
0 0 14 6 1707 240
0 0 6 23 1934 1061
0 0 13 7 1797 469
0 0 12 17 334 502
0 0 23 17 203 1094
0 0 16 15 1012 245
0 0 10 8 1850 472
0 0 22 26 1437 661
0 0 28 12 961 748
0 0 11 5 660 518
0 0 12 28 1455 346
1 0 4 15 1598 728
0 0 14 19 1625 840
0 0 21 10 606 653
0 0 25 3 895 857
0 0 4 29 1261 639
0 0 23 15 1607 644
0 0 27 28 1483 155
0 0 28 12 1580 325
0 0 29 23 1642 912
0 0 20 28 1433 304
0 0 26 13 1527 933
0 0 8 5 605 433
1 0 3 29 1800 891
0 0 6 18 650 736
0 0 7 20 1818 236
0 0 23 12 624 743
0 0 12 16 1138 1001
0 0 8 9 1021 571
0 0 12 29 1305 959
0 0 13 27 1760 106
0 0 17 29 1648 885
0 0 8 4 626 785
0 0 18 22 537 197
0 0 5 8 1056 468
0 0 21 28 1250 282
0 0 26 10 1855 115
0 0 6 12 294 278
0 0 19 23 811 814
0 0 23 24 931 451
1 0 23 24 731 241
1 0 26 25 1521 180
0 0 15 26 1262 564
0 0 22 23 252 811
1 0 27 26 320 463
0 0 3 5 568 877
0 0 11 21 815 949
0 0 23 26 538 1011
0 0 17 19 1896 695
0 0 16 14 861 890
0 0 19 12 1908 924
0 0 11 24 813 1029
0 0 8 6 1733 153
1 0 9 22 465 1064
0 0 10 12 806 748
0 0 24 25 1444 590
0 0 27 16 546 986
0 0 19 24 1686 162
0 0 8 15 1988 954
0 0 23 5 1502 495
0 0 14 26 539 1078
0 0 28 26 1244 137
0 0 10 25 407 1035
0 0 3 5 942 1000
0 0 22 24 577 981
0 0 3 16 890 948
0 0 23 3 851 692
0 0 21 22 1159 552
0 0 6 12 1347 665
1 0 28 8 1759 320
0 0 9 10 1359 509
0 0 4 7 1111 599
0 0 12 7 1698 555
0 0 17 16 701 1051
0 0 16 9 351 1047
0 0 23 21 1355 1045
0 0 22 25 416 766
0 0 12 3 1365 345
0 0 18 23 1468 1011
0 0 23 29 306 108
0 0 17 25 1053 900
0 0 28 12 379 492
0 0 10 16 654 176
0 0 26 21 1847 113
1 0 23 10 207 1090
1 0 7 16 722 581
0 0 5 16 845 417
0 0 21 10 1348 768
1 0 3 26 1032 990
0 0 7 12 287 719
0 0 25 14 1086 996
0 0 4 15 1690 745
0 0 18 27 278 956
0 0 18 5 316 703
0 0 12 29 894 1099
0 0 29 18 1566 755
0 0 28 10 1661 695
1 0 11 28 396 377
1 0 12 13 652 805
0 0 14 12 1007 684
0 0 15 12 1289 104
0 0 14 24 685 977
0 0 14 6 1754 461
0 0 27 6 1126 480
0 0 25 26 1547 889
0 0 12 21 657 402
0 0 18 3 995 934
0 0 6 11 1738 380
0 0 25 20 1085 222
0 0 3 10 1064 152
0 0 7 9 1437 951
0 0 26 11 466 1097
0 0 25 24 1172 581
0 0 12 29 773 104
0 0 8 22 1414 885
0 0 5 12 1413 536
0 0 28 25 1488 834
0 0 12 10 1935 414
0 0 22 5 472 903
1 0 16 23 930 401
0 0 11 23 1726 196
0 0 11 20 1045 1013
0 0 25 27 203 200
0 0 21 27 1604 536
0 0 26 26 1179 296
0 0 6 25 816 720
0 0 15 13 1687 607
0 0 15 28 1719 676
0 0 27 21 850 186
0 0 6 18 512 1053
0 0 20 12 1695 103
0 0 25 6 1071 874
0 0 16 13 881 576
0 0 8 10 1373 343
0 0 13 26 1327 185
0 0 23 20 1635 888
0 0 17 18 1940 844
0 0 7 27 235 786
0 0 15 8 1174 1097
0 0 19 14 338 545
0 0 17 8 1550 904
0 0 13 9 1113 120
0 0 6 23 1609 994
0 0 26 11 217 339
0 0 23 28 419 806
0 0 16 24 259 528
0 0 8 11 281 899
0 0 11 9 755 361
0 0 11 4 1017 588
0 0 25 28 1851 1021
0 0 18 9 612 117
0 0 20 9 796 1002
0 0 16 12 1725 121
0 0 5 25 1831 912
0 0 18 19 1641 1073
0 0 22 26 1053 549
1 0 9 20 1790 991
0 0 8 19 1853 709
0 0 4 14 909 974
0 0 23 7 336 418
1 0 21 7 1304 153
0 0 10 26 1253 281
0 0 22 14 665 194
0 0 8 10 653 292
1 0 26 4 1939 410
0 0 13 15 1917 329
0 0 17 28 581 389
0 0 11 10 896 866
0 0 16 17 1031 359
0 0 15 21 1625 854
0 0 9 12 1357 637
0 0 11 19 351 579
0 0 29 26 273 910
0 0 14 18 1057 727
0 0 9 6 1780 837
0 0 3 20 1209 553
0 0 27 17 486 464
0 0 21 25 1352 912
0 0 7 13 831 1031
0 0 28 15 1970 860
0 0 29 29 577 310
0 0 9 15 1439 447
0 0 16 29 1809 485
0 0 25 25 898 1030
0 0 7 10 479 884
1 0 27 18 1796 165
0 0 16 3 1830 524
0 0 14 29 209 679
0 0 24 11 372 1037
0 0 10 27 1642 935
0 0 3 6 355 157
1 0 20 25 830 323
0 0 14 9 691 480
0 0 23 7 516 417
0 0 27 10 704 322
0 0 15 26 1391 532
0 0 6 16 1945 593
1 0 6 15 514 768
0 0 18 4 1682 898
0 0 14 25 760 753
0 0 23 28 1088 546
0 0 25 14 1474 271
0 0 6 25 1345 787
0 0 16 4 589 761
0 0 14 23 646 858
0 0 5 19 841 1014
0 0 20 12 552 249
0 0 6 3 413 412