Information: 
	Truck: licencePlate volMax weightMax cost
	Package: id priority volume weight reward duration

Tue Apr 19 23:52:59 2022

	Truck: IK-37-DL 398 378 15048
		Package 1: 2781 0 3 3 536 887
		Package 2: 2828 0 3 3 262 623
		Package 3: 3064 0 3 3 739 356
		Package 4: 3388 0 3 3 1514 332
		Package 5: 3411 0 3 3 790 957
		Package 6: 3860 0 3 3 228 124
		Package 7: 4154 0 3 3 1555 530
		Package 8: 4577 0 3 3 1314 670
		Package 9: 4664 0 3 3 1129 299
		Package 10: 4779 0 3 3 1188 445
		Package 11: 4850 0 3 3 934 278
		Package 12: 6008 0 3 3 1668 796
		Package 13: 6553 0 3 3 305 326
		Package 14: 8096 0 3 3 516 1030
		Package 15: 8840 0 3 3 1221 739
		Package 16: 9249 0 3 3 1419 854
		Package 17: 9332 0 3 3 1212 344
		Package 18: 9934 0 3 3 524 957
		Package 19: 10672 0 3 3 1176 815
		Package 20: 11628 0 3 3 1408 569
		Package 21: 12097 0 3 3 1517 755
		Package 22: 12311 0 3 3 962 265
		Package 23: 13682 0 3 3 1642 551
		Package 24: 14261 0 3 3 1952 873
		Package 25: 14340 0 3 3 1213 607
		Package 26: 14708 0 3 3 1701 724
		Package 27: 14842 0 3 3 1819 1072
		Package 28: 15993 0 3 3 1946 781
		Package 29: 17144 0 3 3 547 841
		Package 30: 17208 0 3 3 1870 551
		Package 31: 17369 0 3 3 976 124
		Package 32: 20101 0 3 3 524 940
		Package 33: 20739 0 3 3 1332 442
		Package 34: 21257 0 3 3 551 1083
		Package 35: 21566 0 3 3 328 113
		Package 36: 23082 0 3 3 730 792
		Package 37: 23658 0 3 3 782 749
		Package 38: 23858 0 3 3 284 866
		Package 39: 23915 0 3 3 957 999
		Package 40: 25775 0 3 3 1638 120
		Package 41: 28563 0 3 3 1538 1097
		Package 42: 29209 0 3 3 1405 314
		Package 43: 29387 0 3 3 860 352
		Package 44: 31104 0 3 3 503 870
		Package 45: 31522 0 3 3 1477 487
		Package 46: 31848 0 3 3 690 655
		Package 47: 33910 0 3 3 381 272
		Package 48: 34408 0 3 3 333 225
		Package 49: 35014 0 3 3 1275 673
		Package 50: 35216 0 3 3 1551 476
		Package 51: 36137 0 3 3 1976 321
		Package 52: 36139 0 3 3 1637 799
		Package 53: 37575 0 3 3 1919 1012
		Package 54: 38631 0 3 3 543 934
		Package 55: 38783 0 3 3 570 257
		Package 56: 41001 0 3 3 1819 263
		Package 57: 41421 0 3 3 949 989
		Package 58: 41876 0 3 3 1515 306
		Package 59: 45981 0 3 3 1818 136
		Package 60: 46263 0 3 3 1578 944
		Package 61: 46953 0 3 3 1941 803
		Package 62: 47304 0 3 3 867 982
		Package 63: 49322 0 3 3 969 328
		Package 64: 49583 0 3 3 957 946
		Package 65: 50219 0 3 3 1974 278
		Package 66: 51308 0 3 3 673 294
		Package 67: 51580 0 3 3 690 397
		Package 68: 53303 0 3 3 1046 711
		Package 69: 53726 0 3 3 540 877
		Package 70: 53889 0 3 3 1906 257
		Package 71: 54308 0 3 3 1966 972
		Package 72: 54644 0 3 3 1362 454
		Package 73: 54925 0 3 3 1499 412
		Package 74: 55035 0 3 3 1720 825
		Package 75: 55586 0 3 3 635 448
		Package 76: 56914 0 3 3 617 151
		Package 77: 57651 0 3 3 570 517
		Package 78: 57882 0 3 3 1746 852
		Package 79: 59381 0 3 3 620 638
		Package 80: 59430 0 3 3 1642 1036
		Package 81: 61838 0 3 3 260 956
		Package 82: 62520 0 3 3 1922 192
		Package 83: 63077 0 3 3 1359 325
		Package 84: 63148 0 3 3 1787 297
		Package 85: 64888 0 3 3 1083 614
		Package 86: 65291 0 3 3 1857 965
		Package 87: 66644 0 3 3 1853 282
		Package 88: 69460 0 3 3 742 228
		Package 89: 70119 0 3 3 575 501
		Package 90: 70768 0 3 3 827 145
		Package 91: 71107 0 3 3 321 172
		Package 92: 71246 0 3 3 1737 313
		Package 93: 71746 0 3 3 999 352
		Package 94: 72750 0 3 3 1392 788
		Package 95: 73254 0 3 3 438 196
		Package 96: 74154 0 3 3 1180 499
		Package 97: 75871 0 3 3 1474 134
		Package 98: 76578 0 3 3 1567 1006
		Package 99: 77433 0 3 3 1833 360
		Package 100: 79992 0 3 3 586 307
		Package 101: 80231 0 3 3 1284 212
		Package 102: 81417 0 3 3 751 612
		Package 103: 81505 0 3 3 501 426
		Package 104: 81924 0 3 3 449 916
		Package 105: 83368 0 3 3 734 878
		Package 106: 84779 0 3 3 1832 862
		Package 107: 86137 0 3 3 1886 717
		Package 108: 86537 0 3 3 301 757
		Package 109: 86698 0 3 3 926 241
		Package 110: 87465 0 3 3 858 528
		Package 111: 87513 0 3 3 902 789
		Package 112: 87735 0 3 3 1566 997
		Package 113: 87746 0 3 3 709 409
		Package 114: 87790 0 3 3 1179 110
		Package 115: 90129 0 3 3 1854 975
		Package 116: 91325 0 3 3 614 669
		Package 117: 92726 0 3 3 1822 122
		Package 118: 92860 0 3 3 1417 483
		Package 119: 92976 0 3 3 209 354
		Package 120: 93030 0 3 3 831 1032
		Package 121: 93648 0 3 3 1114 207
		Package 122: 94436 0 3 3 1658 496
		Package 123: 95666 0 3 3 1589 473
		Package 124: 95735 0 3 3 487 522
		Package 125: 96185 0 3 3 1008 807
		Package 126: 96292 0 3 3 980 125
	Number of Packages: 126

	Truck: OM-91-SI 397 321 13931
		Package 1: 96390 0 3 3 1026 692
		Package 2: 97609 0 3 3 1294 1014
		Package 3: 97712 0 3 3 700 286
		Package 4: 97953 0 3 3 1494 191
		Package 5: 98815 0 3 3 1243 990
		Package 6: 99774 0 3 3 569 653
		Package 7: 100107 0 3 3 1059 717
		Package 8: 100890 0 3 3 1362 738
		Package 9: 101933 0 3 3 678 880
		Package 10: 102306 0 3 3 1695 816
		Package 11: 102749 0 3 3 1321 128
		Package 12: 104520 0 3 3 1005 970
		Package 13: 105137 0 3 3 1056 409
		Package 14: 105408 0 3 3 1302 323
		Package 15: 108086 0 3 3 419 598
		Package 16: 109245 0 3 3 1631 496
		Package 17: 109869 0 3 3 950 598
		Package 18: 111655 0 3 3 1080 260
		Package 19: 113926 0 3 3 284 575
		Package 20: 114738 0 3 3 1308 185
		Package 21: 116704 0 3 3 697 635
		Package 22: 117246 0 3 3 1025 1023
		Package 23: 118314 0 3 3 1586 330
		Package 24: 118618 0 3 3 961 383
		Package 25: 119112 0 3 3 1886 693
		Package 26: 121099 0 3 3 532 487
		Package 27: 121734 0 3 3 1089 895
		Package 28: 121871 0 3 3 1609 261
		Package 29: 122780 0 3 3 1868 133
		Package 30: 123042 0 3 3 1667 200
		Package 31: 126289 0 3 3 542 310
		Package 32: 128246 0 3 3 419 558
		Package 33: 128764 0 3 3 678 580
		Package 34: 128891 0 3 3 309 152
		Package 35: 129446 0 3 3 845 831
		Package 36: 131342 0 3 3 1139 316
		Package 37: 131463 0 3 3 1934 695
		Package 38: 133088 0 3 3 324 913
		Package 39: 134534 0 3 3 1696 877
		Package 40: 134583 0 3 3 1445 257
		Package 41: 135002 0 3 3 850 223
		Package 42: 135355 0 3 3 789 716
		Package 43: 137076 0 3 3 1041 859
		Package 44: 137533 0 3 3 1696 305
		Package 45: 137893 0 3 3 915 803
		Package 46: 140555 0 3 3 1422 1049
		Package 47: 140906 0 3 3 1085 479
		Package 48: 141586 0 3 3 903 654
		Package 49: 141654 0 3 3 235 503
		Package 50: 142035 0 3 3 295 966
		Package 51: 142268 0 3 3 1510 521
		Package 52: 142539 0 3 3 1881 307
		Package 53: 142754 0 3 3 1327 791
		Package 54: 143234 0 3 3 1865 236
		Package 55: 143573 0 3 3 882 777
		Package 56: 145709 0 3 3 572 377
		Package 57: 146633 0 3 3 594 216
		Package 58: 148000 0 3 3 379 681
		Package 59: 148337 0 3 3 754 517
		Package 60: 149349 0 3 3 1920 274
		Package 61: 150133 0 3 3 474 149
		Package 62: 151075 0 3 3 724 109
		Package 63: 151115 0 3 3 908 444
		Package 64: 151865 0 3 3 1974 888
		Package 65: 152616 0 3 3 423 419
		Package 66: 153431 0 3 3 1861 997
		Package 67: 153478 0 3 3 1760 297
		Package 68: 153670 0 3 3 407 745
		Package 69: 153990 0 3 3 1627 1088
		Package 70: 154072 0 3 3 1505 903
		Package 71: 154202 0 3 3 1280 562
		Package 72: 154934 0 3 3 1969 247
		Package 73: 154984 0 3 3 1213 397
		Package 74: 155314 0 3 3 1151 269
		Package 75: 156362 0 3 3 1036 229
		Package 76: 158448 0 3 3 1105 345
		Package 77: 159200 0 3 3 350 275
		Package 78: 159226 0 3 3 1210 164
		Package 79: 160269 0 3 3 787 842
		Package 80: 161317 0 3 3 1228 1064
		Package 81: 162041 0 3 3 1894 920
		Package 82: 164136 0 3 3 300 942
		Package 83: 165056 0 3 3 410 613
		Package 84: 165251 0 3 3 1029 666
		Package 85: 165821 0 3 3 960 927
		Package 86: 166460 0 3 3 666 159
		Package 87: 167291 0 3 3 487 741
		Package 88: 168357 0 3 3 1682 920
		Package 89: 168534 0 3 3 765 454
		Package 90: 168754 0 3 3 1403 869
		Package 91: 169217 0 3 3 256 921
		Package 92: 169761 0 3 3 248 825
		Package 93: 173224 0 3 3 905 928
		Package 94: 174765 0 3 3 1151 774
		Package 95: 177546 0 3 3 731 396
		Package 96: 179377 0 3 3 815 433
		Package 97: 179782 0 3 3 1025 272
		Package 98: 180997 0 3 3 1464 933
		Package 99: 181279 0 3 3 268 782
		Package 100: 182871 0 3 3 1680 906
		Package 101: 183368 0 3 3 280 660
		Package 102: 183846 0 3 3 1117 624
		Package 103: 184813 0 3 3 484 890
		Package 104: 185879 0 3 3 456 172
		Package 105: 186687 0 3 3 524 591
		Package 106: 186947 0 3 3 1500 387
		Package 107: 187456 0 3 3 576 894
	Number of Packages: 107

	Truck: BT-24-SF 395 315 16790
		Package 1: 188641 0 3 3 1915 458
		Package 2: 190085 0 3 3 1443 777
		Package 3: 191695 0 3 3 492 403
		Package 4: 192608 0 3 3 1565 761
		Package 5: 194203 0 3 3 458 393
		Package 6: 196133 0 3 3 876 183
		Package 7: 196296 0 3 3 1080 302
		Package 8: 199826 0 3 3 1195 371
		Package 9: 1683 0 3 4 935 534
		Package 10: 2911 0 3 4 778 752
		Package 11: 3670 0 3 4 1488 585
		Package 12: 3927 0 3 4 481 573
		Package 13: 4532 0 3 4 1890 493
		Package 14: 4847 0 3 4 445 436
		Package 15: 5822 0 3 4 1906 820
		Package 16: 6413 0 3 4 1519 559
		Package 17: 6837 0 3 4 572 474
		Package 18: 6899 0 3 4 691 715
		Package 19: 9703 0 3 4 594 836
		Package 20: 9897 0 3 4 1228 757
		Package 21: 10036 0 3 4 561 319
		Package 22: 10198 0 3 4 589 606
		Package 23: 10488 0 3 4 1130 1090
		Package 24: 10730 0 3 4 305 912
		Package 25: 11353 0 3 4 475 1062
		Package 26: 11354 0 3 4 1500 1032
		Package 27: 11808 0 3 4 806 739
		Package 28: 14787 0 3 4 1107 538
		Package 29: 17140 0 3 4 1075 1014
		Package 30: 19002 0 3 4 890 573
		Package 31: 21016 0 3 4 1938 828
		Package 32: 21663 0 3 4 511 494
		Package 33: 22113 0 3 4 1314 930
		Package 34: 22906 0 3 4 413 751
		Package 35: 23208 0 3 4 1754 970
		Package 36: 23300 0 3 4 209 827
		Package 37: 23347 0 3 4 1210 590
		Package 38: 23560 0 3 4 469 769
		Package 39: 24769 0 3 4 1600 299
		Package 40: 27463 0 3 4 913 795
		Package 41: 28653 0 3 4 389 1081
		Package 42: 29659 0 3 4 475 750
		Package 43: 33384 0 3 4 1013 513
		Package 44: 33791 0 3 4 480 427
		Package 45: 35322 0 3 4 1750 977
		Package 46: 36103 0 3 4 1267 411
		Package 47: 36285 0 3 4 562 1057
		Package 48: 41715 0 3 4 1614 621
		Package 49: 41816 0 3 4 1607 383
		Package 50: 42241 0 3 4 487 879
		Package 51: 42400 0 3 4 1760 867
		Package 52: 42884 0 3 4 1522 212
		Package 53: 43593 0 3 4 1875 301
		Package 54: 43666 0 3 4 1378 599
		Package 55: 45504 0 3 4 745 239
		Package 56: 45583 0 3 4 1564 425
		Package 57: 46469 0 3 4 1258 275
		Package 58: 46926 0 3 4 971 788
		Package 59: 48170 0 3 4 1293 592
		Package 60: 48280 0 3 4 875 821
		Package 61: 48884 0 3 4 1688 643
		Package 62: 49063 0 3 4 1340 427
		Package 63: 49931 0 3 4 296 854
		Package 64: 52135 0 3 4 1576 517
		Package 65: 53119 0 3 4 680 704
		Package 66: 53797 0 3 4 763 132
		Package 67: 54664 0 3 4 988 217
		Package 68: 55384 0 3 4 1079 624
		Package 69: 56317 0 3 4 363 620
		Package 70: 56768 0 3 4 1095 419
		Package 71: 57211 0 3 4 827 898
		Package 72: 57281 0 3 4 1671 224
		Package 73: 58341 0 3 4 1224 368
		Package 74: 60393 0 3 4 408 999
		Package 75: 61145 0 3 4 1509 671
		Package 76: 62020 0 3 4 458 209
		Package 77: 63274 0 3 4 1827 132
		Package 78: 63619 0 3 4 378 1034
		Package 79: 63712 0 3 4 1835 708
		Package 80: 64519 0 3 4 1751 484
	Number of Packages: 80

	Truck: LX-78-FE 394 379 13241
		Package 1: 64633 0 3 4 404 651
		Package 2: 65078 0 3 4 720 272
		Package 3: 65816 0 3 4 1091 598
		Package 4: 66662 0 3 4 412 668
		Package 5: 66880 0 3 4 294 1069
		Package 6: 72007 0 3 4 1247 872
		Package 7: 72123 0 3 4 294 551
		Package 8: 72128 0 3 4 392 963
		Package 9: 72468 0 3 4 1433 422
		Package 10: 72838 0 3 4 1442 679
		Package 11: 73499 0 3 4 204 960
		Package 12: 73503 0 3 4 1195 983
		Package 13: 73696 0 3 4 883 1027
		Package 14: 73725 0 3 4 311 1043
		Package 15: 74178 0 3 4 332 1070
		Package 16: 76298 0 3 4 1752 611
		Package 17: 77033 0 3 4 920 719
		Package 18: 77270 0 3 4 303 693
		Package 19: 77853 0 3 4 1247 222
		Package 20: 78123 0 3 4 331 528
		Package 21: 78911 0 3 4 973 883
		Package 22: 79492 0 3 4 258 352
		Package 23: 79672 0 3 4 1936 236
		Package 24: 80237 0 3 4 1553 157
		Package 25: 80864 0 3 4 421 760
		Package 26: 81062 0 3 4 832 1095
		Package 27: 81193 0 3 4 324 607
		Package 28: 82051 0 3 4 530 1068
		Package 29: 83205 0 3 4 912 614
		Package 30: 86341 0 3 4 472 708
		Package 31: 86400 0 3 4 1587 748
		Package 32: 87054 0 3 4 1845 259
		Package 33: 87567 0 3 4 502 1013
		Package 34: 87777 0 3 4 1883 579
		Package 35: 88202 0 3 4 1989 299
		Package 36: 88661 0 3 4 1855 814
		Package 37: 88670 0 3 4 1235 598
		Package 38: 90439 0 3 4 416 309
		Package 39: 90653 0 3 4 804 1082
		Package 40: 90792 0 3 4 1911 960
		Package 41: 91026 0 3 4 1211 985
		Package 42: 93748 0 3 4 861 257
		Package 43: 95307 0 3 4 1036 673
		Package 44: 95550 0 3 4 1980 1029
		Package 45: 95604 0 3 4 718 320
		Package 46: 96243 0 3 4 1551 905
		Package 47: 97879 0 3 4 747 310
		Package 48: 99099 0 3 4 1776 663
		Package 49: 100690 0 3 4 215 693
		Package 50: 101083 0 3 4 451 738
		Package 51: 101529 0 3 4 1228 877
		Package 52: 102672 0 3 4 1477 676
		Package 53: 102967 0 3 4 1487 556
		Package 54: 102994 0 3 4 1590 483
		Package 55: 106342 0 3 4 1612 467
		Package 56: 107593 0 3 4 1661 159
		Package 57: 108421 0 3 4 577 303
		Package 58: 110041 0 3 4 816 941
		Package 59: 110245 0 3 4 1112 313
		Package 60: 111118 0 3 4 1385 682
		Package 61: 112111 0 3 4 361 576
		Package 62: 112549 0 3 4 1961 745
		Package 63: 112557 0 3 4 542 273
		Package 64: 114278 0 3 4 1015 387
		Package 65: 114861 0 3 4 1378 1081
		Package 66: 114877 0 3 4 946 263
		Package 67: 114974 0 3 4 639 1052
		Package 68: 115018 0 3 4 867 238
		Package 69: 116375 0 3 4 778 1001
		Package 70: 116406 0 3 4 1919 346
		Package 71: 116496 0 3 4 993 382
		Package 72: 117646 0 3 4 925 465
		Package 73: 118415 0 3 4 1836 891
		Package 74: 118722 0 3 4 462 930
		Package 75: 118939 0 3 4 1491 683
		Package 76: 119009 0 3 4 1023 467
		Package 77: 119273 0 3 4 1201 415
		Package 78: 119856 0 3 4 480 684
		Package 79: 120580 0 3 4 427 330
		Package 80: 123297 0 3 4 1026 333
		Package 81: 124346 0 3 4 558 858
		Package 82: 125410 0 3 4 608 356
		Package 83: 126650 0 3 4 1413 739
		Package 84: 128564 0 3 4 1440 845
		Package 85: 129789 0 3 4 302 236
		Package 86: 130303 0 3 4 694 1059
		Package 87: 130819 0 3 4 1338 682
		Package 88: 131607 0 3 4 1539 931
		Package 89: 131665 0 3 4 1465 128
		Package 90: 131990 0 3 4 832 117
		Package 91: 132213 0 3 4 927 314
		Package 92: 132838 0 3 4 1189 204
		Package 93: 133129 0 3 4 474 1051
		Package 94: 134456 0 3 4 1950 1033
	Number of Packages: 94

	Truck: WU-47-GV 394 351 15473
		Package 1: 134664 0 3 4 1389 191
		Package 2: 136880 0 3 4 1353 872
		Package 3: 137319 0 3 4 1038 381
		Package 4: 137372 0 3 4 460 144
		Package 5: 137530 0 3 4 891 820
		Package 6: 137878 0 3 4 669 1094
		Package 7: 138144 0 3 4 749 1086
		Package 8: 138401 0 3 4 335 474
		Package 9: 140942 0 3 4 1551 733
		Package 10: 141570 0 3 4 215 498
		Package 11: 143533 0 3 4 1328 417
		Package 12: 143826 0 3 4 551 907
		Package 13: 144650 0 3 4 893 162
		Package 14: 144945 0 3 4 1630 831
		Package 15: 144948 0 3 4 1566 935
		Package 16: 145715 0 3 4 1961 315
		Package 17: 146133 0 3 4 1306 934
		Package 18: 147304 0 3 4 1454 390
		Package 19: 147320 0 3 4 1001 149
		Package 20: 147644 0 3 4 547 805
		Package 21: 147655 0 3 4 1869 753
		Package 22: 148317 0 3 4 1469 223
		Package 23: 149045 0 3 4 1572 788
		Package 24: 149065 0 3 4 1662 410
		Package 25: 149204 0 3 4 1430 631
		Package 26: 150363 0 3 4 1184 130
		Package 27: 150612 0 3 4 403 809
		Package 28: 150617 0 3 4 821 1049
		Package 29: 150929 0 3 4 204 633
		Package 30: 151810 0 3 4 310 187
		Package 31: 152573 0 3 4 954 1099
		Package 32: 153010 0 3 4 1218 202
		Package 33: 153716 0 3 4 1443 183
		Package 34: 153820 0 3 4 522 164
		Package 35: 153833 0 3 4 1916 911
		Package 36: 154162 0 3 4 624 1065
		Package 37: 156308 0 3 4 627 101
		Package 38: 156656 0 3 4 387 168
		Package 39: 157987 0 3 4 1321 551
		Package 40: 161271 0 3 4 1343 263
		Package 41: 161609 0 3 4 1493 874
		Package 42: 164357 0 3 4 1112 196
		Package 43: 165936 0 3 4 1350 866
		Package 44: 165976 0 3 4 1436 891
		Package 45: 167664 0 3 4 1475 216
		Package 46: 167691 0 3 4 1222 476
		Package 47: 169150 0 3 4 497 1058
		Package 48: 169897 0 3 4 1382 278
		Package 49: 170553 0 3 4 1918 116
		Package 50: 171469 0 3 4 1603 844
		Package 51: 173116 0 3 4 1433 1030
		Package 52: 173490 0 3 4 206 953
		Package 53: 174042 0 3 4 881 406
		Package 54: 174610 0 3 4 1431 827
		Package 55: 175438 0 3 4 1828 893
		Package 56: 177458 0 3 4 1837 679
		Package 57: 178250 0 3 4 458 664
		Package 58: 179159 0 3 4 1558 322
		Package 59: 179556 0 3 4 1967 887
		Package 60: 179957 0 3 4 267 284
		Package 61: 180332 0 3 4 1208 718
		Package 62: 181853 0 3 4 1338 322
		Package 63: 182296 0 3 4 349 694
		Package 64: 183911 0 3 4 909 549
		Package 65: 186940 0 3 4 1007 796
		Package 66: 187771 0 3 4 288 338
		Package 67: 187819 0 3 4 856 508
		Package 68: 189773 0 3 4 852 376
		Package 69: 190020 0 3 4 831 537
		Package 70: 190666 0 3 4 951 322
		Package 71: 190889 0 3 4 1637 271
		Package 72: 192282 0 3 4 540 487
		Package 73: 192284 0 3 4 832 591
		Package 74: 192368 0 3 4 765 412
		Package 75: 194686 0 3 4 1473 670
		Package 76: 195898 0 3 4 242 205
		Package 77: 197830 0 3 4 1939 203
		Package 78: 197942 0 3 4 1234 321
		Package 79: 198352 0 3 4 338 918
		Package 80: 198491 0 3 4 1088 894
		Package 81: 32 0 3 5 1242 567
		Package 82: 460 0 3 5 1706 597
		Package 83: 725 0 3 5 699 588
		Package 84: 1221 0 3 5 1953 699
		Package 85: 1765 0 3 5 1804 969
		Package 86: 4778 0 3 5 1793 353
	Number of Packages: 86

	Truck: GY-50-KY 393 377 16543
		Package 1: 6047 0 3 5 243 749
		Package 2: 6343 0 3 5 1246 549
		Package 3: 8203 0 3 5 1774 195
		Package 4: 8451 0 3 5 778 887
		Package 5: 9144 0 3 5 1404 298
		Package 6: 9328 0 3 5 882 639
		Package 7: 9549 0 3 5 1333 639
		Package 8: 11255 0 3 5 1363 588
		Package 9: 11319 0 3 5 626 914
		Package 10: 11929 0 3 5 525 674
		Package 11: 12882 0 3 5 1326 119
		Package 12: 13154 0 3 5 1924 165
		Package 13: 14688 0 3 5 545 998
		Package 14: 16488 0 3 5 225 433
		Package 15: 16915 0 3 5 1003 547
		Package 16: 17060 0 3 5 298 705
		Package 17: 18297 0 3 5 874 605
		Package 18: 19216 0 3 5 1904 695
		Package 19: 19721 0 3 5 909 886
		Package 20: 20617 0 3 5 1467 509
		Package 21: 21126 0 3 5 760 393
		Package 22: 22097 0 3 5 1630 689
		Package 23: 22851 0 3 5 1602 288
		Package 24: 24541 0 3 5 346 268
		Package 25: 24581 0 3 5 1417 1044
		Package 26: 25203 0 3 5 828 487
		Package 27: 25474 0 3 5 1494 804
		Package 28: 26774 0 3 5 588 652
		Package 29: 28216 0 3 5 492 1054
		Package 30: 29286 0 3 5 1784 300
		Package 31: 30744 0 3 5 1213 658
		Package 32: 31477 0 3 5 455 892
		Package 33: 31740 0 3 5 1358 740
		Package 34: 32341 0 3 5 218 964
		Package 35: 32645 0 3 5 1624 732
		Package 36: 32881 0 3 5 1601 180
		Package 37: 32927 0 3 5 381 671
		Package 38: 34959 0 3 5 792 1052
		Package 39: 35392 0 3 5 1437 606
		Package 40: 36086 0 3 5 1120 888
		Package 41: 36211 0 3 5 1418 1031
		Package 42: 36237 0 3 5 247 671
		Package 43: 37400 0 3 5 439 228
		Package 44: 37906 0 3 5 1065 472
		Package 45: 39672 0 3 5 1540 896
		Package 46: 40658 0 3 5 333 876
		Package 47: 41558 0 3 5 1227 920
		Package 48: 43348 0 3 5 1876 659
		Package 49: 43406 0 3 5 1190 732
		Package 50: 44030 0 3 5 1111 961
		Package 51: 44098 0 3 5 1020 215
		Package 52: 44221 0 3 5 683 572
		Package 53: 44521 0 3 5 271 1057
		Package 54: 45228 0 3 5 1335 316
		Package 55: 46253 0 3 5 248 1035
		Package 56: 46935 0 3 5 714 464
		Package 57: 47863 0 3 5 1599 284
		Package 58: 49222 0 3 5 1321 238
		Package 59: 50520 0 3 5 728 614
		Package 60: 50864 0 3 5 466 974
		Package 61: 53953 0 3 5 846 271
		Package 62: 56301 0 3 5 1711 713
		Package 63: 58862 0 3 5 1208 555
		Package 64: 59126 0 3 5 1821 908
		Package 65: 59508 0 3 5 990 1029
		Package 66: 61547 0 3 5 360 1067
		Package 67: 61719 0 3 5 1008 496
		Package 68: 63488 0 3 5 859 827
		Package 69: 63596 0 3 5 1667 376
		Package 70: 66352 0 3 5 1549 400
		Package 71: 68204 0 3 5 747 883
		Package 72: 68565 0 3 5 1253 318
		Package 73: 69753 0 3 5 785 1065
		Package 74: 69959 0 3 5 1771 702
		Package 75: 70215 0 3 5 309 1019
	Number of Packages: 75

	Truck: AK-43-SE 391 395 13796
		Package 1: 70333 0 3 5 433 1092
		Package 2: 70401 0 3 5 219 671
		Package 3: 71152 0 3 5 1176 314
		Package 4: 71794 0 3 5 1884 938
		Package 5: 72395 0 3 5 1493 957
		Package 6: 74278 0 3 5 220 331
		Package 7: 75542 0 3 5 964 768
		Package 8: 76177 0 3 5 685 996
		Package 9: 76409 0 3 5 215 1052
		Package 10: 77329 0 3 5 1655 194
		Package 11: 77847 0 3 5 1771 338
		Package 12: 78507 0 3 5 721 979
		Package 13: 79222 0 3 5 1406 720
		Package 14: 79285 0 3 5 913 239
		Package 15: 80406 0 3 5 653 949
		Package 16: 80492 0 3 5 664 252
		Package 17: 80815 0 3 5 1690 423
		Package 18: 82689 0 3 5 547 428
		Package 19: 83145 0 3 5 1438 791
		Package 20: 84286 0 3 5 596 573
		Package 21: 85664 0 3 5 402 493
		Package 22: 86627 0 3 5 358 166
		Package 23: 87093 0 3 5 732 836
		Package 24: 87101 0 3 5 625 455
		Package 25: 87304 0 3 5 1848 858
		Package 26: 89585 0 3 5 1840 461
		Package 27: 89786 0 3 5 825 163
		Package 28: 92172 0 3 5 1005 408
		Package 29: 93079 0 3 5 604 622
		Package 30: 93681 0 3 5 1599 250
		Package 31: 93692 0 3 5 1753 205
		Package 32: 94777 0 3 5 1957 223
		Package 33: 98928 0 3 5 859 1030
		Package 34: 99048 0 3 5 1342 808
		Package 35: 99473 0 3 5 750 865
		Package 36: 99530 0 3 5 1375 1086
		Package 37: 99554 0 3 5 863 794
		Package 38: 100914 0 3 5 1782 374
		Package 39: 102703 0 3 5 1188 965
		Package 40: 103600 0 3 5 960 792
		Package 41: 104282 0 3 5 682 1052
		Package 42: 104683 0 3 5 1210 752
		Package 43: 104980 0 3 5 346 996
		Package 44: 105738 0 3 5 508 298
		Package 45: 107298 0 3 5 875 582
		Package 46: 107398 0 3 5 473 561
		Package 47: 107830 0 3 5 808 847
		Package 48: 107832 0 3 5 791 941
		Package 49: 111151 0 3 5 930 759
		Package 50: 111294 0 3 5 604 1083
		Package 51: 112633 0 3 5 1945 790
		Package 52: 113211 0 3 5 1168 894
		Package 53: 114263 0 3 5 297 319
		Package 54: 114711 0 3 5 1744 877
		Package 55: 115860 0 3 5 1922 845
		Package 56: 116091 0 3 5 1108 149
		Package 57: 116220 0 3 5 734 1045
		Package 58: 116553 0 3 5 838 391
		Package 59: 118849 0 3 5 371 1003
		Package 60: 119814 0 3 5 598 587
		Package 61: 119887 0 3 5 805 996
		Package 62: 119965 0 3 5 660 227
		Package 63: 120075 0 3 5 1533 1091
		Package 64: 121295 0 3 5 1331 433
		Package 65: 121423 0 3 5 1917 968
		Package 66: 122664 0 3 5 1642 119
		Package 67: 123151 0 3 5 217 848
		Package 68: 123533 0 3 5 878 357
		Package 69: 124187 0 3 5 399 705
		Package 70: 124206 0 3 5 1232 1062
		Package 71: 124542 0 3 5 810 321
		Package 72: 124558 0 3 5 215 299
		Package 73: 125282 0 3 5 1524 242
		Package 74: 126060 0 3 5 1745 485
		Package 75: 126077 0 3 5 1209 785
		Package 76: 126092 0 3 5 621 829
		Package 77: 127962 0 3 5 258 465
		Package 78: 128602 0 3 5 788 249
		Package 79: 129347 0 3 5 1698 557
	Number of Packages: 79

	Truck: NO-53-SB 388 268 14521
		Package 1: 129998 0 3 5 442 181
		Package 2: 130610 0 3 5 481 835
		Package 3: 130822 0 3 5 1978 850
		Package 4: 130988 0 3 5 1857 339
		Package 5: 131919 0 3 5 1895 576
		Package 6: 131930 0 3 5 1200 994
		Package 7: 132340 0 3 5 546 894
		Package 8: 133438 0 3 5 1717 681
		Package 9: 133944 0 3 5 1209 828
		Package 10: 136314 0 3 5 1198 576
		Package 11: 136658 0 3 5 1121 760
		Package 12: 137568 0 3 5 1505 1000
		Package 13: 137779 0 3 5 369 291
		Package 14: 137998 0 3 5 885 769
		Package 15: 138112 0 3 5 908 531
		Package 16: 138202 0 3 5 1188 214
		Package 17: 138213 0 3 5 556 826
		Package 18: 138508 0 3 5 1926 582
		Package 19: 139030 0 3 5 402 275
		Package 20: 139245 0 3 5 1513 970
		Package 21: 139498 0 3 5 1184 522
		Package 22: 139760 0 3 5 1613 136
		Package 23: 141096 0 3 5 398 1008
		Package 24: 142099 0 3 5 1243 308
		Package 25: 142944 0 3 5 902 1068
		Package 26: 143023 0 3 5 684 918
		Package 27: 143695 0 3 5 1844 110
		Package 28: 143910 0 3 5 890 201
		Package 29: 143916 0 3 5 991 967
		Package 30: 144731 0 3 5 469 651
		Package 31: 145240 0 3 5 286 1044
		Package 32: 145602 0 3 5 437 270
		Package 33: 146143 0 3 5 1568 273
		Package 34: 147063 0 3 5 1873 522
		Package 35: 147473 0 3 5 239 425
		Package 36: 147761 0 3 5 1681 603
		Package 37: 148275 0 3 5 1456 982
		Package 38: 148534 0 3 5 1203 139
		Package 39: 148867 0 3 5 1251 752
		Package 40: 150707 0 3 5 1531 377
		Package 41: 151488 0 3 5 587 280
		Package 42: 153406 0 3 5 1176 309
		Package 43: 155335 0 3 5 408 585
		Package 44: 156618 0 3 5 1685 147
		Package 45: 157154 0 3 5 938 954
		Package 46: 159818 0 3 5 808 995
		Package 47: 161159 0 3 5 1587 1096
		Package 48: 164343 0 3 5 1176 421
		Package 49: 165654 0 3 5 1557 486
		Package 50: 166171 0 3 5 1422 750
		Package 51: 166702 0 3 5 857 948
		Package 52: 166858 0 3 5 1562 819
		Package 53: 166909 0 3 5 1113 314
	Number of Packages: 53

	Truck: UW-05-RK 385 254 14819
		Package 1: 166965 0 3 5 914 362
		Package 2: 167933 0 3 5 1159 531
		Package 3: 169268 0 3 5 343 668
		Package 4: 170954 0 3 5 448 151
		Package 5: 171053 0 3 5 1736 522
		Package 6: 172168 0 3 5 643 386
		Package 7: 173550 0 3 5 1064 565
		Package 8: 173878 0 3 5 630 240
		Package 9: 173925 0 3 5 1879 501
		Package 10: 174016 0 3 5 1444 704
		Package 11: 175074 0 3 5 847 935
		Package 12: 175225 0 3 5 386 598
		Package 13: 175887 0 3 5 1943 885
		Package 14: 176244 0 3 5 982 1005
		Package 15: 176940 0 3 5 829 485
		Package 16: 177076 0 3 5 1854 385
		Package 17: 177833 0 3 5 520 130
		Package 18: 179707 0 3 5 1950 529
		Package 19: 181064 0 3 5 1230 872
		Package 20: 185431 0 3 5 510 323
		Package 21: 185608 0 3 5 1020 789
		Package 22: 186420 0 3 5 1927 529
		Package 23: 186471 0 3 5 1700 404
		Package 24: 186750 0 3 5 1769 415
		Package 25: 186897 0 3 5 759 805
		Package 26: 187273 0 3 5 1914 563
		Package 27: 187591 0 3 5 385 915
		Package 28: 191306 0 3 5 1664 807
		Package 29: 193781 0 3 5 1354 660
		Package 30: 194074 0 3 5 1835 708
		Package 31: 194405 0 3 5 614 813
		Package 32: 194590 0 3 5 812 553
		Package 33: 196450 0 3 5 1972 722
		Package 34: 196508 0 3 5 596 272
		Package 35: 197538 0 3 5 1498 417
		Package 36: 197577 0 3 5 1748 857
		Package 37: 199195 0 3 5 607 667
		Package 38: 199625 0 3 5 1844 1013
		Package 39: 4 0 3 6 1716 747
		Package 40: 31 0 3 6 1774 1044
		Package 41: 1502 0 3 6 1546 1011
		Package 42: 1949 0 3 6 1014 668
		Package 43: 2452 0 3 6 1242 764
		Package 44: 4147 0 3 6 1015 867
		Package 45: 5828 0 3 6 773 313
		Package 46: 7281 0 3 6 261 747
		Package 47: 7465 0 3 6 637 686
		Package 48: 7591 0 3 6 1025 915
	Number of Packages: 48

	Truck: SR-70-GX 382 304 14967
		Package 1: 9136 0 3 6 577 365
		Package 2: 9778 0 3 6 1425 995
		Package 3: 12215 0 3 6 594 266
		Package 4: 12490 0 3 6 307 694
		Package 5: 12535 0 3 6 1231 217
		Package 6: 12578 0 3 6 954 106
		Package 7: 13063 0 3 6 666 837
		Package 8: 13681 0 3 6 315 898
		Package 9: 14827 0 3 6 228 1070
		Package 10: 16992 0 3 6 812 407
		Package 11: 17850 0 3 6 1161 572
		Package 12: 18088 0 3 6 1369 410
		Package 13: 18436 0 3 6 991 836
		Package 14: 18759 0 3 6 434 294
		Package 15: 20027 0 3 6 741 807
		Package 16: 21095 0 3 6 675 690
		Package 17: 21868 0 3 6 1175 1080
		Package 18: 22238 0 3 6 421 520
		Package 19: 22584 0 3 6 985 735
		Package 20: 22843 0 3 6 519 489
		Package 21: 24644 0 3 6 614 124
		Package 22: 24896 0 3 6 1891 891
		Package 23: 24952 0 3 6 1515 898
		Package 24: 27721 0 3 6 936 530
		Package 25: 28451 0 3 6 355 402
		Package 26: 29343 0 3 6 1015 645
		Package 27: 29690 0 3 6 432 805
		Package 28: 29699 0 3 6 796 143
		Package 29: 30258 0 3 6 1603 727
		Package 30: 31264 0 3 6 1220 468
		Package 31: 31508 0 3 6 1736 517
		Package 32: 32002 0 3 6 914 804
		Package 33: 33175 0 3 6 755 469
		Package 34: 33456 0 3 6 1424 1054
		Package 35: 33474 0 3 6 1817 964
		Package 36: 33733 0 3 6 521 624
		Package 37: 34042 0 3 6 1825 347
		Package 38: 34396 0 3 6 559 348
		Package 39: 34777 0 3 6 1689 625
		Package 40: 34932 0 3 6 793 880
		Package 41: 35169 0 3 6 1418 591
		Package 42: 36387 0 3 6 719 729
		Package 43: 37837 0 3 6 287 962
		Package 44: 38625 0 3 6 866 146
		Package 45: 39374 0 3 6 1013 314
		Package 46: 39920 0 3 6 1262 925
		Package 47: 40871 0 3 6 1704 260
		Package 48: 40897 0 3 6 1975 888
		Package 49: 41250 0 3 6 1523 386
		Package 50: 41259 0 3 6 922 550
	Number of Packages: 50

	Truck: HJ-38-UB 378 272 15057
		Package 1: 41703 0 3 6 1304 610
		Package 2: 42237 0 3 6 899 176
		Package 3: 42962 0 3 6 1056 570
		Package 4: 43826 0 3 6 1546 563
		Package 5: 43958 0 3 6 1463 456
		Package 6: 44210 0 3 6 251 818
		Package 7: 44321 0 3 6 1069 261
		Package 8: 45071 0 3 6 526 1058
		Package 9: 46009 0 3 6 1125 889
		Package 10: 46299 0 3 6 1734 798
		Package 11: 46315 0 3 6 577 556
		Package 12: 46503 0 3 6 580 1013
		Package 13: 47828 0 3 6 1636 1009
		Package 14: 47941 0 3 6 1444 855
		Package 15: 48413 0 3 6 1116 800
		Package 16: 49021 0 3 6 1703 947
		Package 17: 49127 0 3 6 625 156
		Package 18: 50701 0 3 6 1975 1071
		Package 19: 51763 0 3 6 589 619
		Package 20: 52549 0 3 6 521 692
		Package 21: 53088 0 3 6 1650 423
		Package 22: 55947 0 3 6 932 160
		Package 23: 56867 0 3 6 1148 1066
		Package 24: 57196 0 3 6 1208 861
		Package 25: 58053 0 3 6 1982 1044
		Package 26: 58403 0 3 6 1559 1068
		Package 27: 58532 0 3 6 1607 1022
		Package 28: 59387 0 3 6 614 830
		Package 29: 59761 0 3 6 1615 770
		Package 30: 60147 0 3 6 1346 1003
		Package 31: 60331 0 3 6 203 174
		Package 32: 62332 0 3 6 1688 1074
		Package 33: 63164 0 3 6 1948 1051
		Package 34: 64243 0 3 6 1363 178
		Package 35: 66225 0 3 6 1629 370
		Package 36: 66334 0 3 6 1236 514
		Package 37: 66845 0 3 6 395 519
		Package 38: 67356 0 3 6 1913 1054
		Package 39: 68912 0 3 6 990 360
		Package 40: 70387 0 3 6 747 654
		Package 41: 70553 0 3 6 1667 516
		Package 42: 70943 0 3 6 1421 324
		Package 43: 71576 0 3 6 218 1055
		Package 44: 72862 0 3 6 613 365
		Package 45: 73065 0 3 6 1331 442
	Number of Packages: 45

	Truck: MF-13-CA 376 262 16090
		Package 1: 73820 0 3 6 1586 308
		Package 2: 75227 0 3 6 660 734
		Package 3: 75472 0 3 6 386 645
		Package 4: 75613 0 3 6 487 557
		Package 5: 78211 0 3 6 372 891
		Package 6: 78666 0 3 6 837 914
		Package 7: 79097 0 3 6 883 830
		Package 8: 79368 0 3 6 1774 585
		Package 9: 80855 0 3 6 1553 996
		Package 10: 81031 0 3 6 1417 404
		Package 11: 82639 0 3 6 1212 1007
		Package 12: 83880 0 3 6 238 1003
		Package 13: 83981 0 3 6 469 251
		Package 14: 84400 0 3 6 901 561
		Package 15: 85846 0 3 6 914 664
		Package 16: 86219 0 3 6 529 584
		Package 17: 86340 0 3 6 1524 797
		Package 18: 87385 0 3 6 1838 457
		Package 19: 87831 0 3 6 1536 789
		Package 20: 90019 0 3 6 1596 287
		Package 21: 90808 0 3 6 1087 277
		Package 22: 93249 0 3 6 301 998
		Package 23: 93586 0 3 6 1715 643
		Package 24: 94102 0 3 6 717 736
		Package 25: 94285 0 3 6 457 363
		Package 26: 95290 0 3 6 1611 106
		Package 27: 96427 0 3 6 1412 845
		Package 28: 96648 0 3 6 232 659
		Package 29: 97545 0 3 6 755 462
		Package 30: 103951 0 3 6 553 198
		Package 31: 105021 0 3 6 1550 714
		Package 32: 105191 0 3 6 1080 346
		Package 33: 105350 0 3 6 464 418
		Package 34: 107467 0 3 6 1841 567
		Package 35: 109745 0 3 6 1726 947
		Package 36: 111394 0 3 6 1660 582
		Package 37: 111432 0 3 6 1202 1073
		Package 38: 113446 0 3 6 1110 908
		Package 39: 114156 0 3 6 1603 697
		Package 40: 114382 0 3 6 1935 861
		Package 41: 115064 0 3 6 875 621
		Package 42: 115528 0 3 6 1207 1057
		Package 43: 116164 0 3 6 1465 684
	Number of Packages: 43

	Truck: LR-49-BH 370 366 13618
		Package 1: 119044 0 3 6 1404 118
		Package 2: 120303 0 3 6 584 547
		Package 3: 120893 0 3 6 886 382
		Package 4: 121757 0 3 6 770 704
		Package 5: 121792 0 3 6 1537 1085
		Package 6: 122468 0 3 6 1775 992
		Package 7: 123740 0 3 6 723 355
		Package 8: 125004 0 3 6 1354 389
		Package 9: 126197 0 3 6 1137 716
		Package 10: 126712 0 3 6 725 546
		Package 11: 126882 0 3 6 880 698
		Package 12: 127186 0 3 6 970 525
		Package 13: 128318 0 3 6 1727 303
		Package 14: 130220 0 3 6 900 775
		Package 15: 130744 0 3 6 375 538
		Package 16: 135640 0 3 6 1081 391
		Package 17: 135972 0 3 6 1380 501
		Package 18: 136154 0 3 6 1641 278
		Package 19: 136495 0 3 6 1651 448
		Package 20: 136871 0 3 6 1534 688
		Package 21: 137968 0 3 6 846 858
		Package 22: 138782 0 3 6 1053 670
		Package 23: 139216 0 3 6 1300 324
		Package 24: 140221 0 3 6 338 829
		Package 25: 140915 0 3 6 757 497
		Package 26: 141972 0 3 6 913 151
		Package 27: 142976 0 3 6 1884 806
		Package 28: 144059 0 3 6 471 259
		Package 29: 145951 0 3 6 1172 975
		Package 30: 147087 0 3 6 235 136
		Package 31: 147561 0 3 6 808 310
		Package 32: 148190 0 3 6 704 319
		Package 33: 148548 0 3 6 1386 943
		Package 34: 148557 0 3 6 1506 179
		Package 35: 150453 0 3 6 1576 701
		Package 36: 153369 0 3 6 664 461
		Package 37: 154216 0 3 6 1632 484
		Package 38: 154621 0 3 6 1302 899
		Package 39: 154708 0 3 6 383 669
		Package 40: 154998 0 3 6 676 536
		Package 41: 155337 0 3 6 1175 478
		Package 42: 155444 0 3 6 1590 812
		Package 43: 157052 0 3 6 535 1060
		Package 44: 158102 0 3 6 1586 340
		Package 45: 158142 0 3 6 1536 831
		Package 46: 160339 0 3 6 271 360
		Package 47: 160453 0 3 6 1461 1059
		Package 48: 161860 0 3 6 1467 436
		Package 49: 162198 0 3 6 1413 771
		Package 50: 162793 0 3 6 1476 756
		Package 51: 162886 0 3 6 1774 671
		Package 52: 163807 0 3 6 284 682
		Package 53: 164714 0 3 6 1593 792
		Package 54: 165397 0 3 6 699 112
		Package 55: 165769 0 3 6 1000 650
		Package 56: 166245 0 3 6 1060 588
		Package 57: 166618 0 3 6 1876 352
		Package 58: 166880 0 3 6 1866 357
		Package 59: 167162 0 3 6 759 993
		Package 60: 167228 0 3 6 1438 182
		Package 61: 167880 0 3 6 1951 978
	Number of Packages: 61

	Truck: PS-75-SK 368 308 16575
		Package 1: 169515 0 3 6 1419 626
		Package 2: 169732 0 3 6 374 571
		Package 3: 169892 0 3 6 655 940
		Package 4: 170559 0 3 6 1163 279
		Package 5: 170971 0 3 6 1179 196
		Package 6: 171869 0 3 6 1037 693
		Package 7: 173499 0 3 6 1725 291
		Package 8: 174088 0 3 6 1838 215
		Package 9: 174856 0 3 6 465 923
		Package 10: 177269 0 3 6 1278 765
		Package 11: 177557 0 3 6 489 964
		Package 12: 178582 0 3 6 1223 513
		Package 13: 179336 0 3 6 1709 374
		Package 14: 179959 0 3 6 1182 924
		Package 15: 180110 0 3 6 571 513
		Package 16: 180406 0 3 6 1919 550
		Package 17: 180484 0 3 6 444 1030
		Package 18: 180533 0 3 6 943 672
		Package 19: 181139 0 3 6 977 852
		Package 20: 182191 0 3 6 1746 461
		Package 21: 182471 0 3 6 620 508
		Package 22: 184487 0 3 6 848 689
		Package 23: 185168 0 3 6 723 847
		Package 24: 186653 0 3 6 1571 669
		Package 25: 187375 0 3 6 1155 468
		Package 26: 187967 0 3 6 742 244
		Package 27: 187987 0 3 6 1140 251
		Package 28: 189172 0 3 6 769 1088
		Package 29: 189905 0 3 6 806 1068
		Package 30: 190190 0 3 6 1030 407
		Package 31: 191549 0 3 6 210 743
		Package 32: 192566 0 3 6 940 320
		Package 33: 192992 0 3 6 1769 851
		Package 34: 194006 0 3 6 1379 993
		Package 35: 197065 0 3 6 848 168
		Package 36: 198852 0 3 6 1035 588
		Package 37: 198894 0 3 6 1293 452
		Package 38: 199083 0 3 6 831 626
		Package 39: 199727 0 3 6 794 107
		Package 40: 615 0 3 7 1409 720
		Package 41: 668 0 3 7 962 533
		Package 42: 2266 0 3 7 563 529
		Package 43: 2364 0 3 7 1408 151
		Package 44: 2796 0 3 7 1983 191
		Package 45: 3761 0 3 7 1582 342
		Package 46: 4084 0 3 7 1343 690
		Package 47: 4196 0 3 7 1430 987
		Package 48: 4225 0 3 7 1150 969
		Package 49: 5109 0 3 7 1227 354
	Number of Packages: 49

	Truck: NP-11-XC 366 375 15556
		Package 1: 7235 0 3 7 273 326
		Package 2: 8569 0 3 7 1601 927
		Package 3: 9456 0 3 7 1092 789
		Package 4: 9641 0 3 7 1960 915
		Package 5: 10205 0 3 7 462 140
		Package 6: 11568 0 3 7 885 670
		Package 7: 12071 0 3 7 733 514
		Package 8: 13598 0 3 7 1880 514
		Package 9: 13875 0 3 7 1026 1055
		Package 10: 14728 0 3 7 1214 542
		Package 11: 16592 0 3 7 324 473
		Package 12: 17657 0 3 7 1517 621
		Package 13: 18152 0 3 7 1029 317
		Package 14: 18274 0 3 7 1010 962
		Package 15: 18613 0 3 7 1093 368
		Package 16: 19792 0 3 7 1020 897
		Package 17: 19864 0 3 7 1986 168
		Package 18: 22746 0 3 7 438 142
		Package 19: 23572 0 3 7 1182 836
		Package 20: 26059 0 3 7 1138 1096
		Package 21: 26203 0 3 7 1372 1007
		Package 22: 26367 0 3 7 1635 184
		Package 23: 26626 0 3 7 518 221
		Package 24: 27189 0 3 7 285 844
		Package 25: 27534 0 3 7 1960 412
		Package 26: 27730 0 3 7 537 960
		Package 27: 30534 0 3 7 614 524
		Package 28: 32525 0 3 7 1470 928
		Package 29: 33097 0 3 7 1820 736
		Package 30: 33663 0 3 7 1579 203
		Package 31: 33955 0 3 7 353 815
		Package 32: 37588 0 3 7 953 917
		Package 33: 39825 0 3 7 223 606
		Package 34: 40101 0 3 7 367 769
		Package 35: 40395 0 3 7 497 696
		Package 36: 40646 0 3 7 1267 867
		Package 37: 41111 0 3 7 910 1040
		Package 38: 42493 0 3 7 1546 1035
		Package 39: 44511 0 3 7 562 544
		Package 40: 45175 0 3 7 810 369
		Package 41: 46708 0 3 7 1134 390
		Package 42: 46965 0 3 7 830 805
		Package 43: 47185 0 3 7 1359 522
		Package 44: 47209 0 3 7 1262 1086
		Package 45: 47342 0 3 7 739 807
		Package 46: 49068 0 3 7 1696 463
		Package 47: 52422 0 3 7 1108 806
		Package 48: 53005 0 3 7 931 139
		Package 49: 54785 0 3 7 1513 831
		Package 50: 57191 0 3 7 564 918
		Package 51: 58082 0 3 7 1256 305
		Package 52: 58701 0 3 7 1337 596
		Package 53: 59239 0 3 7 1985 378
	Number of Packages: 53

	Truck: QV-09-KU 365 301 13406
		Package 1: 59271 0 3 7 955 706
		Package 2: 60482 0 3 7 1832 883
		Package 3: 60723 0 3 7 1515 412
		Package 4: 63332 0 3 7 637 304
		Package 5: 63969 0 3 7 1187 1058
		Package 6: 64336 0 3 7 438 520
		Package 7: 65064 0 3 7 1147 371
		Package 8: 65121 0 3 7 1932 616
		Package 9: 65901 0 3 7 381 428
		Package 10: 66329 0 3 7 953 1094
		Package 11: 67655 0 3 7 750 950
		Package 12: 68193 0 3 7 785 691
		Package 13: 68782 0 3 7 1862 603
		Package 14: 68892 0 3 7 1816 633
		Package 15: 70378 0 3 7 547 915
		Package 16: 70815 0 3 7 508 329
		Package 17: 73539 0 3 7 1416 538
		Package 18: 73728 0 3 7 309 762
		Package 19: 73960 0 3 7 1638 854
		Package 20: 75398 0 3 7 1888 1051
		Package 21: 75522 0 3 7 1657 538
		Package 22: 75966 0 3 7 714 182
		Package 23: 76296 0 3 7 1250 621
		Package 24: 77320 0 3 7 1087 1006
		Package 25: 77981 0 3 7 1254 655
		Package 26: 78047 0 3 7 307 301
		Package 27: 79227 0 3 7 300 622
		Package 28: 79995 0 3 7 832 630
		Package 29: 80931 0 3 7 871 732
		Package 30: 81248 0 3 7 1834 192
		Package 31: 81773 0 3 7 797 1089
		Package 32: 84162 0 3 7 1333 736
		Package 33: 85569 0 3 7 399 861
		Package 34: 86470 0 3 7 534 418
		Package 35: 87015 0 3 7 1531 140
		Package 36: 87378 0 3 7 263 312
		Package 37: 87597 0 3 7 1584 243
		Package 38: 88373 0 3 7 1602 292
		Package 39: 89300 0 3 7 1469 248
		Package 40: 90121 0 3 7 669 647
		Package 41: 90645 0 3 7 1839 896
		Package 42: 91030 0 3 7 906 990
		Package 43: 91091 0 3 7 481 946
	Number of Packages: 43

	Truck: UP-77-BW 365 259 16982
		Package 1: 91849 0 3 7 832 1072
		Package 2: 95085 0 3 7 1707 695
		Package 3: 96547 0 3 7 1908 717
		Package 4: 96924 0 3 7 769 712
		Package 5: 98084 0 3 7 1473 483
		Package 6: 98489 0 3 7 375 996
		Package 7: 99626 0 3 7 597 236
		Package 8: 100026 0 3 7 909 239
		Package 9: 100171 0 3 7 843 312
		Package 10: 101127 0 3 7 781 552
		Package 11: 102634 0 3 7 1141 564
		Package 12: 103269 0 3 7 1545 250
		Package 13: 103758 0 3 7 1767 884
		Package 14: 104893 0 3 7 796 644
		Package 15: 105398 0 3 7 384 380
		Package 16: 106192 0 3 7 1130 643
		Package 17: 107818 0 3 7 1420 749
		Package 18: 108875 0 3 7 1253 526
		Package 19: 108911 0 3 7 990 150
		Package 20: 108981 0 3 7 387 457
		Package 21: 109997 0 3 7 1832 935
		Package 22: 111266 0 3 7 458 319
		Package 23: 111863 0 3 7 1246 623
		Package 24: 114157 0 3 7 1552 554
		Package 25: 114704 0 3 7 1168 852
		Package 26: 115521 0 3 7 458 580
		Package 27: 116983 0 3 7 667 943
		Package 28: 117252 0 3 7 1380 389
		Package 29: 118900 0 3 7 312 1098
		Package 30: 119292 0 3 7 1624 951
		Package 31: 120727 0 3 7 806 739
		Package 32: 122798 0 3 7 1855 109
		Package 33: 124528 0 3 7 940 396
		Package 34: 125717 0 3 7 1593 806
		Package 35: 126239 0 3 7 749 843
		Package 36: 126845 0 3 7 1471 1053
		Package 37: 126986 0 3 7 1682 796
	Number of Packages: 37

	Truck: JT-75-KM 360 331 15444
		Package 1: 127250 0 3 7 577 941
		Package 2: 129759 0 3 7 315 336
		Package 3: 130399 0 3 7 1787 397
		Package 4: 130700 0 3 7 725 917
		Package 5: 131364 0 3 7 1154 344
		Package 6: 131391 0 3 7 1806 663
		Package 7: 131941 0 3 7 484 421
		Package 8: 132925 0 3 7 911 424
		Package 9: 133539 0 3 7 367 211
		Package 10: 134042 0 3 7 1215 713
		Package 11: 134643 0 3 7 935 1079
		Package 12: 136018 0 3 7 477 237
		Package 13: 136496 0 3 7 1208 930
		Package 14: 136752 0 3 7 816 467
		Package 15: 137068 0 3 7 1352 456
		Package 16: 137459 0 3 7 1249 364
		Package 17: 137642 0 3 7 951 724
		Package 18: 137908 0 3 7 214 364
		Package 19: 138464 0 3 7 1354 849
		Package 20: 138819 0 3 7 1078 527
		Package 21: 139891 0 3 7 1490 756
		Package 22: 139987 0 3 7 621 541
		Package 23: 140012 0 3 7 1846 296
		Package 24: 142481 0 3 7 847 1007
		Package 25: 144204 0 3 7 1894 928
		Package 26: 144253 0 3 7 1061 959
		Package 27: 144552 0 3 7 873 215
		Package 28: 145506 0 3 7 600 793
		Package 29: 145596 0 3 7 1101 236
		Package 30: 146960 0 3 7 600 737
		Package 31: 147005 0 3 7 1761 650
		Package 32: 147736 0 3 7 1126 239
		Package 33: 147980 0 3 7 1924 481
		Package 34: 149488 0 3 7 304 555
		Package 35: 149893 0 3 7 1614 1010
		Package 36: 150257 0 3 7 838 559
		Package 37: 150408 0 3 7 1069 1095
		Package 38: 151476 0 3 7 884 703
		Package 39: 151555 0 3 7 466 1027
		Package 40: 151615 0 3 7 1017 246
		Package 41: 151926 0 3 7 1235 806
		Package 42: 155585 0 3 7 1114 418
		Package 43: 156739 0 3 7 807 493
		Package 44: 157093 0 3 7 828 579
		Package 45: 157836 0 3 7 1757 1005
		Package 46: 158628 0 3 7 742 863
		Package 47: 158971 0 3 7 957 554
	Number of Packages: 47

	Truck: VY-82-LI 355 322 13718
		Package 1: 159780 0 3 7 1063 1078
		Package 2: 160268 0 3 7 908 736
		Package 3: 160413 0 3 7 761 221
		Package 4: 160451 0 3 7 1204 704
		Package 5: 160788 0 3 7 552 828
		Package 6: 161891 0 3 7 458 1000
		Package 7: 161997 0 3 7 1854 372
		Package 8: 163032 0 3 7 1429 696
		Package 9: 165710 0 3 7 1250 649
		Package 10: 165824 0 3 7 599 602
		Package 11: 166292 0 3 7 1676 532
		Package 12: 166538 0 3 7 1261 886
		Package 13: 166871 0 3 7 1617 210
		Package 14: 167020 0 3 7 1568 709
		Package 15: 167250 0 3 7 1550 596
		Package 16: 168733 0 3 7 206 442
		Package 17: 168912 0 3 7 783 555
		Package 18: 171863 0 3 7 1487 1058
		Package 19: 173087 0 3 7 1107 257
		Package 20: 176462 0 3 7 204 994
		Package 21: 177051 0 3 7 1854 461
		Package 22: 177180 0 3 7 369 618
		Package 23: 177794 0 3 7 795 388
		Package 24: 178196 0 3 7 836 919
		Package 25: 178942 0 3 7 574 700
		Package 26: 179270 0 3 7 1795 179
		Package 27: 179836 0 3 7 431 596
		Package 28: 182048 0 3 7 722 363
		Package 29: 182623 0 3 7 998 806
		Package 30: 182686 0 3 7 1674 555
		Package 31: 183364 0 3 7 1358 174
		Package 32: 184990 0 3 7 1583 338
		Package 33: 189407 0 3 7 1421 573
		Package 34: 189578 0 3 7 1579 244
		Package 35: 190719 0 3 7 1821 299
		Package 36: 191573 0 3 7 270 346
		Package 37: 192003 0 3 7 308 1030
		Package 38: 192528 0 3 7 1458 360
		Package 39: 193148 0 3 7 1567 775
		Package 40: 195430 0 3 7 377 210
		Package 41: 196153 0 3 7 439 627
		Package 42: 197118 0 3 7 702 847
		Package 43: 197744 0 3 7 690 227
		Package 44: 952 0 3 8 660 1096
		Package 45: 1087 0 3 8 1139 604
	Number of Packages: 45

	Truck: AW-41-BS 344 306 14015
		Package 1: 1563 0 3 8 507 609
		Package 2: 1974 0 3 8 1199 1036
		Package 3: 2415 0 3 8 1974 750
		Package 4: 3159 0 3 8 1528 831
		Package 5: 3321 0 3 8 301 502
		Package 6: 4714 0 3 8 1333 662
		Package 7: 4747 0 3 8 1924 255
		Package 8: 9745 0 3 8 227 281
		Package 9: 10674 0 3 8 1556 980
		Package 10: 11217 0 3 8 445 211
		Package 11: 11886 0 3 8 1023 324
		Package 12: 13809 0 3 8 1682 656
		Package 13: 18892 0 3 8 1408 490
		Package 14: 19087 0 3 8 1814 773
		Package 15: 22151 0 3 8 236 701
		Package 16: 23423 0 3 8 509 885
		Package 17: 24270 0 3 8 1689 845
		Package 18: 24829 0 3 8 821 174
		Package 19: 25318 0 3 8 299 480
		Package 20: 25978 0 3 8 430 924
		Package 21: 26841 0 3 8 1437 653
		Package 22: 29255 0 3 8 621 314
		Package 23: 31090 0 3 8 1810 644
		Package 24: 31799 0 3 8 325 992
		Package 25: 31886 0 3 8 205 532
		Package 26: 32071 0 3 8 424 1057
		Package 27: 33104 0 3 8 1519 492
		Package 28: 33920 0 3 8 447 761
		Package 29: 33961 0 3 8 653 110
		Package 30: 33978 0 3 8 357 682
		Package 31: 34506 0 3 8 1549 407
		Package 32: 34628 0 3 8 836 1050
		Package 33: 34761 0 3 8 1987 686
		Package 34: 35416 0 3 8 1571 921
		Package 35: 35788 0 3 8 1582 789
		Package 36: 37393 0 3 8 253 301
		Package 37: 38453 0 3 8 1689 430
		Package 38: 40079 0 3 8 291 313
	Number of Packages: 38

	Truck: SE-25-FZ 343 277 15226
		Package 1: 41134 0 3 8 1122 452
		Package 2: 41536 0 3 8 1841 343
		Package 3: 43783 0 3 8 553 1060
		Package 4: 43927 0 3 8 604 402
		Package 5: 44117 0 3 8 1439 925
		Package 6: 45721 0 3 8 1488 1072
		Package 7: 46293 0 3 8 635 935
		Package 8: 46304 0 3 8 1015 876
		Package 9: 47856 0 3 8 919 968
		Package 10: 48147 0 3 8 1799 894
		Package 11: 48414 0 3 8 1388 1013
		Package 12: 49733 0 3 8 650 884
		Package 13: 50030 0 3 8 1663 880
		Package 14: 50289 0 3 8 332 279
		Package 15: 51136 0 3 8 1723 351
		Package 16: 52751 0 3 8 1521 1036
		Package 17: 52873 0 3 8 1263 756
		Package 18: 53046 0 3 8 1778 307
		Package 19: 53524 0 3 8 375 335
		Package 20: 54122 0 3 8 741 460
		Package 21: 55444 0 3 8 762 721
		Package 22: 55483 0 3 8 992 891
		Package 23: 55800 0 3 8 1515 1090
		Package 24: 55951 0 3 8 1643 701
		Package 25: 56856 0 3 8 1814 980
		Package 26: 57483 0 3 8 884 592
		Package 27: 58304 0 3 8 1512 495
		Package 28: 58914 0 3 8 1591 383
		Package 29: 59305 0 3 8 1719 455
		Package 30: 60021 0 3 8 968 504
		Package 31: 60130 0 3 8 384 404
		Package 32: 60249 0 3 8 1933 188
		Package 33: 60500 0 3 8 589 578
		Package 34: 61122 0 3 8 1700 946
	Number of Packages: 34

	Truck: AJ-19-FO 336 345 14342
		Package 1: 61864 0 3 8 605 842
		Package 2: 63228 0 3 8 541 825
		Package 3: 66067 0 3 8 1301 741
		Package 4: 66715 0 3 8 1844 547
		Package 5: 66816 0 3 8 1975 1076
		Package 6: 67548 0 3 8 1743 682
		Package 7: 68613 0 3 8 1689 535
		Package 8: 68864 0 3 8 1086 122
		Package 9: 68868 0 3 8 1572 615
		Package 10: 71055 0 3 8 1153 645
		Package 11: 72525 0 3 8 1606 310
		Package 12: 73751 0 3 8 1387 477
		Package 13: 73867 0 3 8 1064 839
		Package 14: 74016 0 3 8 1778 1021
		Package 15: 74058 0 3 8 380 230
		Package 16: 74870 0 3 8 1087 746
		Package 17: 75413 0 3 8 1716 425
		Package 18: 78516 0 3 8 230 431
		Package 19: 78735 0 3 8 1965 843
		Package 20: 79432 0 3 8 947 144
		Package 21: 79825 0 3 8 1690 1090
		Package 22: 80016 0 3 8 1606 255
		Package 23: 80294 0 3 8 374 949
		Package 24: 84050 0 3 8 1173 644
		Package 25: 84119 0 3 8 1441 224
		Package 26: 84129 0 3 8 266 991
		Package 27: 85687 0 3 8 437 788
		Package 28: 86169 0 3 8 816 568
		Package 29: 86589 0 3 8 610 684
		Package 30: 87443 0 3 8 798 386
		Package 31: 88461 0 3 8 384 656
		Package 32: 88695 0 3 8 611 445
		Package 33: 89059 0 3 8 1589 239
		Package 34: 91610 0 3 8 1498 841
		Package 35: 92236 0 3 8 1843 955
		Package 36: 92683 0 3 8 465 900
		Package 37: 95624 0 3 8 843 571
		Package 38: 95756 0 3 8 1875 306
		Package 39: 96252 0 3 8 1135 921
		Package 40: 97573 0 3 8 1299 363
		Package 41: 97794 0 3 8 600 775
		Package 42: 97886 0 3 8 975 1072
		Package 43: 97908 0 3 8 1615 725
	Number of Packages: 43

	Truck: QK-18-NG 335 265 15168
		Package 1: 99243 0 3 8 568 909
		Package 2: 100031 0 3 8 1451 456
		Package 3: 100407 0 3 8 959 501
		Package 4: 101131 0 3 8 1488 810
		Package 5: 101712 0 3 8 295 647
		Package 6: 102083 0 3 8 730 361
		Package 7: 102631 0 3 8 1714 164
		Package 8: 104195 0 3 8 818 225
		Package 9: 108462 0 3 8 1818 889
		Package 10: 109233 0 3 8 1898 620
		Package 11: 111248 0 3 8 1865 641
		Package 12: 113429 0 3 8 1277 755
		Package 13: 114797 0 3 8 409 203
		Package 14: 115027 0 3 8 1945 319
		Package 15: 115112 0 3 8 892 586
		Package 16: 115328 0 3 8 226 567
		Package 17: 115982 0 3 8 1757 270
		Package 18: 117257 0 3 8 950 197
		Package 19: 117328 0 3 8 382 879
		Package 20: 118585 0 3 8 1767 678
		Package 21: 118607 0 3 8 1517 366
		Package 22: 118768 0 3 8 1197 783
		Package 23: 118903 0 3 8 1312 966
		Package 24: 119726 0 3 8 404 376
		Package 25: 119733 0 3 8 1510 839
		Package 26: 120336 0 3 8 1655 710
		Package 27: 120969 0 3 8 581 604
		Package 28: 121158 0 3 8 1680 520
		Package 29: 121448 0 3 8 1403 443
		Package 30: 121710 0 3 8 1245 1026
		Package 31: 121847 0 3 8 1389 980
		Package 32: 122251 0 3 8 1836 759
		Package 33: 122944 0 3 8 710 136
	Number of Packages: 33

	Truck: JG-66-ZH 335 381 15531
		Package 1: 123048 0 3 8 1917 756
		Package 2: 123643 0 3 8 1987 176
		Package 3: 123751 0 3 8 1559 1076
		Package 4: 124036 0 3 8 1102 342
		Package 5: 124922 0 3 8 264 459
		Package 6: 125038 0 3 8 769 154
		Package 7: 125827 0 3 8 1511 253
		Package 8: 126214 0 3 8 432 405
		Package 9: 126640 0 3 8 478 115
		Package 10: 129272 0 3 8 1689 272
		Package 11: 132150 0 3 8 366 688
		Package 12: 132239 0 3 8 485 1079
		Package 13: 132348 0 3 8 1257 1020
		Package 14: 133124 0 3 8 1222 492
		Package 15: 133166 0 3 8 616 900
		Package 16: 134418 0 3 8 427 471
		Package 17: 134497 0 3 8 1955 314
		Package 18: 136544 0 3 8 840 871
		Package 19: 136748 0 3 8 953 979
		Package 20: 137386 0 3 8 654 760
		Package 21: 137572 0 3 8 1104 489
		Package 22: 137760 0 3 8 1440 361
		Package 23: 138215 0 3 8 1793 594
		Package 24: 140072 0 3 8 728 264
		Package 25: 140134 0 3 8 552 839
		Package 26: 141554 0 3 8 377 751
		Package 27: 141626 0 3 8 1317 438
		Package 28: 143281 0 3 8 1411 771
		Package 29: 144142 0 3 8 1422 546
		Package 30: 146889 0 3 8 1955 115
		Package 31: 147896 0 3 8 388 956
		Package 32: 148014 0 3 8 624 842
		Package 33: 148309 0 3 8 1581 968
		Package 34: 148922 0 3 8 606 1099
		Package 35: 149252 0 3 8 691 938
		Package 36: 149998 0 3 8 447 482
		Package 37: 152084 0 3 8 1041 629
		Package 38: 153174 0 3 8 1932 920
		Package 39: 153924 0 3 8 1132 1022
		Package 40: 154063 0 3 8 294 525
		Package 41: 155599 0 3 8 1009 792
		Package 42: 155695 0 3 8 989 978
		Package 43: 155772 0 3 8 1324 1068
		Package 44: 155801 0 3 8 285 747
		Package 45: 155815 0 3 8 1261 374
		Package 46: 156212 0 3 8 575 734
		Package 47: 156467 0 3 8 1704 923
	Number of Packages: 47

	Truck: GD-20-KK 335 383 16287
		Package 1: 156794 0 3 8 485 563
		Package 2: 156800 0 3 8 819 807
		Package 3: 158529 0 3 8 1778 160
		Package 4: 158942 0 3 8 1393 489
		Package 5: 158985 0 3 8 886 1027
		Package 6: 159429 0 3 8 1717 497
		Package 7: 160278 0 3 8 332 201
		Package 8: 160958 0 3 8 1557 115
		Package 9: 163314 0 3 8 1767 138
		Package 10: 164282 0 3 8 1620 860
		Package 11: 164677 0 3 8 1864 219
		Package 12: 164973 0 3 8 1608 808
		Package 13: 168842 0 3 8 706 526
		Package 14: 169754 0 3 8 597 535
		Package 15: 169935 0 3 8 1125 316
		Package 16: 170811 0 3 8 1875 129
		Package 17: 170957 0 3 8 1830 1007
		Package 18: 171768 0 3 8 1796 761
		Package 19: 172845 0 3 8 1097 961
		Package 20: 173996 0 3 8 1196 564
		Package 21: 174869 0 3 8 1693 175
		Package 22: 175146 0 3 8 983 572
		Package 23: 175863 0 3 8 727 869
		Package 24: 175894 0 3 8 1644 517
		Package 25: 176041 0 3 8 1464 144
		Package 26: 177317 0 3 8 1387 488
		Package 27: 179124 0 3 8 1099 735
		Package 28: 182078 0 3 8 712 202
		Package 29: 183830 0 3 8 629 392
		Package 30: 184203 0 3 8 1167 640
		Package 31: 184215 0 3 8 1949 751
		Package 32: 184246 0 3 8 1011 674
		Package 33: 184370 0 3 8 314 849
		Package 34: 185578 0 3 8 617 402
		Package 35: 185656 0 3 8 1173 857
		Package 36: 185821 0 3 8 829 897
		Package 37: 186216 0 3 8 1652 555
		Package 38: 186567 0 3 8 1882 935
		Package 39: 187448 0 3 8 1146 413
		Package 40: 187576 0 3 8 1844 900
		Package 41: 188298 0 3 8 1629 936
		Package 42: 188306 0 3 8 790 725
		Package 43: 190964 0 3 8 372 861
		Package 44: 191693 0 3 8 893 791
		Package 45: 192177 0 3 8 1552 293
		Package 46: 192726 0 3 8 505 980
		Package 47: 193783 0 3 8 544 294
	Number of Packages: 47

	Truck: MT-28-IH 328 398 13956
		Package 1: 194142 0 3 8 1368 560
		Package 2: 194763 0 3 8 1884 986
		Package 3: 195691 0 3 8 783 871
		Package 4: 197610 0 3 8 1096 1069
		Package 5: 197973 0 3 8 521 818
		Package 6: 198766 0 3 8 1933 1023
		Package 7: 114 0 3 9 1328 422
		Package 8: 334 0 3 9 1817 998
		Package 9: 698 0 3 9 1604 277
		Package 10: 2237 0 3 9 862 638
		Package 11: 2471 0 3 9 1308 923
		Package 12: 2702 0 3 9 1503 363
		Package 13: 3931 0 3 9 1682 1008
		Package 14: 5328 0 3 9 1035 1019
		Package 15: 5677 0 3 9 1662 234
		Package 16: 5745 0 3 9 1035 410
		Package 17: 9386 0 3 9 510 884
		Package 18: 9918 0 3 9 1958 998
		Package 19: 10707 0 3 9 377 379
		Package 20: 11048 0 3 9 471 979
		Package 21: 12581 0 3 9 1035 353
		Package 22: 12800 0 3 9 1745 898
		Package 23: 12888 0 3 9 1449 476
		Package 24: 14424 0 3 9 1420 726
		Package 25: 14887 0 3 9 404 907
		Package 26: 16462 0 3 9 1814 214
		Package 27: 17067 0 3 9 647 638
		Package 28: 17277 0 3 9 1889 295
		Package 29: 22120 0 3 9 1746 747
		Package 30: 22132 0 3 9 591 724
		Package 31: 24200 0 3 9 1986 847
		Package 32: 24221 0 3 9 1258 252
		Package 33: 26782 0 3 9 1134 1032
		Package 34: 27887 0 3 9 1790 726
		Package 35: 27965 0 3 9 1068 346
		Package 36: 30363 0 3 9 823 489
		Package 37: 30947 0 3 9 1954 827
		Package 38: 31374 0 3 9 1694 854
		Package 39: 31632 0 3 9 506 977
		Package 40: 31820 0 3 9 687 860
		Package 41: 32956 0 3 9 719 399
		Package 42: 33127 0 3 9 1361 151
		Package 43: 33197 0 3 9 653 177
		Package 44: 33402 0 3 9 929 1074
	Number of Packages: 44

	Truck: ZK-08-LJ 325 316 13378
		Package 1: 33810 0 3 9 1219 962
		Package 2: 34704 0 3 9 834 802
		Package 3: 35025 0 3 9 997 121
		Package 4: 36397 0 3 9 390 421
		Package 5: 37184 0 3 9 1574 549
		Package 6: 38283 0 3 9 525 538
		Package 7: 39276 0 3 9 1091 558
		Package 8: 39646 0 3 9 1380 481
		Package 9: 39787 0 3 9 712 368
		Package 10: 40902 0 3 9 701 887
		Package 11: 41523 0 3 9 1330 1050
		Package 12: 42474 0 3 9 1389 366
		Package 13: 44419 0 3 9 1869 125
		Package 14: 44637 0 3 9 1916 435
		Package 15: 45370 0 3 9 811 665
		Package 16: 45589 0 3 9 1978 338
		Package 17: 47082 0 3 9 1034 841
		Package 18: 47926 0 3 9 1166 210
		Package 19: 48225 0 3 9 1884 269
		Package 20: 48495 0 3 9 1810 952
		Package 21: 50016 0 3 9 1744 782
		Package 22: 50349 0 3 9 1451 852
		Package 23: 50563 0 3 9 515 1070
		Package 24: 50814 0 3 9 1964 854
		Package 25: 51697 0 3 9 1959 968
		Package 26: 52276 0 3 9 1070 271
		Package 27: 53633 0 3 9 1016 1063
		Package 28: 53855 0 3 9 1743 1071
		Package 29: 53867 0 3 9 1323 1028
		Package 30: 54320 0 3 9 1961 126
		Package 31: 56741 0 3 9 449 887
		Package 32: 57126 0 3 9 556 910
		Package 33: 57576 0 3 9 996 923
		Package 34: 58318 0 3 9 1056 1072
		Package 35: 58519 0 3 9 1947 241
	Number of Packages: 35

	Truck: EP-92-PV 310 387 14105
		Package 1: 60110 0 3 9 1482 966
		Package 2: 60288 0 3 9 1261 1034
		Package 3: 62824 0 3 9 1953 361
		Package 4: 62932 0 3 9 1846 959
		Package 5: 63385 0 3 9 1428 756
		Package 6: 65037 0 3 9 789 288
		Package 7: 65156 0 3 9 1225 124
		Package 8: 66725 0 3 9 696 486
		Package 9: 70030 0 3 9 1719 1088
		Package 10: 70769 0 3 9 575 371
		Package 11: 72038 0 3 9 570 232
		Package 12: 72105 0 3 9 326 254
		Package 13: 72493 0 3 9 1919 513
		Package 14: 73887 0 3 9 1671 608
		Package 15: 76877 0 3 9 777 503
		Package 16: 77248 0 3 9 572 553
		Package 17: 77851 0 3 9 1226 224
		Package 18: 78043 0 3 9 949 834
		Package 19: 80158 0 3 9 757 138
		Package 20: 80249 0 3 9 1933 656
		Package 21: 80626 0 3 9 479 951
		Package 22: 82546 0 3 9 257 769
		Package 23: 83467 0 3 9 1438 170
		Package 24: 83616 0 3 9 242 300
		Package 25: 83752 0 3 9 1809 368
		Package 26: 87233 0 3 9 1755 782
		Package 27: 87842 0 3 9 1137 312
		Package 28: 87885 0 3 9 1498 725
		Package 29: 88807 0 3 9 1068 818
		Package 30: 90788 0 3 9 302 374
		Package 31: 91265 0 3 9 1901 408
		Package 32: 91481 0 3 9 1855 782
		Package 33: 91633 0 3 9 1761 747
		Package 34: 92243 0 3 9 206 753
		Package 35: 93520 0 3 9 215 949
		Package 36: 95305 0 3 9 550 458
		Package 37: 95557 0 3 9 1831 380
		Package 38: 97032 0 3 9 684 938
		Package 39: 98042 0 3 9 860 270
		Package 40: 99197 0 3 9 1094 110
		Package 41: 100569 0 3 9 331 798
		Package 42: 101922 0 3 9 586 621
		Package 43: 102346 0 3 9 830 561
	Number of Packages: 43

	Truck: XV-02-KY 309 377 15136
		Package 1: 103185 0 3 9 965 422
		Package 2: 103491 0 3 9 226 436
		Package 3: 103834 0 3 9 1167 981
		Package 4: 104480 0 3 9 844 1013
		Package 5: 106097 0 3 9 1479 501
		Package 6: 106928 0 3 9 1146 413
		Package 7: 107227 0 3 9 1906 688
		Package 8: 108078 0 3 9 1030 479
		Package 9: 108934 0 3 9 482 268
		Package 10: 111134 0 3 9 1654 860
		Package 11: 111225 0 3 9 1014 1001
		Package 12: 113213 0 3 9 1757 644
		Package 13: 114476 0 3 9 655 518
		Package 14: 114841 0 3 9 292 185
		Package 15: 117412 0 3 9 916 184
		Package 16: 118203 0 3 9 1477 363
		Package 17: 118636 0 3 9 1787 229
		Package 18: 119237 0 3 9 1971 628
		Package 19: 121349 0 3 9 1896 855
		Package 20: 122118 0 3 9 687 501
		Package 21: 122197 0 3 9 730 562
		Package 22: 123552 0 3 9 1711 701
		Package 23: 127222 0 3 9 849 947
		Package 24: 128241 0 3 9 483 242
		Package 25: 128468 0 3 9 926 761
		Package 26: 128594 0 3 9 979 1076
		Package 27: 128800 0 3 9 1404 998
		Package 28: 129067 0 3 9 206 480
		Package 29: 129677 0 3 9 1101 1002
		Package 30: 130814 0 3 9 256 712
		Package 31: 133311 0 3 9 1421 443
		Package 32: 134353 0 3 9 1932 807
		Package 33: 134445 0 3 9 1585 655
		Package 34: 134738 0 3 9 279 755
		Package 35: 134777 0 3 9 1973 679
		Package 36: 135518 0 3 9 304 389
		Package 37: 138443 0 3 9 1149 983
		Package 38: 140155 0 3 9 1334 713
		Package 39: 142215 0 3 9 755 634
		Package 40: 145292 0 3 9 666 587
		Package 41: 146250 0 3 9 400 860
	Number of Packages: 41

	Truck: NG-16-SY 308 371 13865
		Package 1: 148053 0 3 9 1861 974
		Package 2: 150003 0 3 9 1772 195
		Package 3: 150700 0 3 9 1947 478
		Package 4: 150906 0 3 9 534 1001
		Package 5: 153857 0 3 9 700 577
		Package 6: 153858 0 3 9 1753 694
		Package 7: 154553 0 3 9 975 654
		Package 8: 154803 0 3 9 937 458
		Package 9: 154888 0 3 9 1478 856
		Package 10: 154947 0 3 9 285 728
		Package 11: 155343 0 3 9 705 474
		Package 12: 159090 0 3 9 1310 169
		Package 13: 160045 0 3 9 667 188
		Package 14: 160090 0 3 9 1600 1018
		Package 15: 160308 0 3 9 1319 742
		Package 16: 161298 0 3 9 937 635
		Package 17: 161718 0 3 9 973 885
		Package 18: 162065 0 3 9 214 144
		Package 19: 163339 0 3 9 439 519
		Package 20: 163457 0 3 9 675 106
		Package 21: 164000 0 3 9 1157 959
		Package 22: 164713 0 3 9 1003 482
		Package 23: 164728 0 3 9 1008 1086
		Package 24: 166114 0 3 9 1904 678
		Package 25: 167337 0 3 9 468 104
		Package 26: 167385 0 3 9 382 332
		Package 27: 167485 0 3 9 802 129
		Package 28: 168975 0 3 9 1837 667
		Package 29: 169153 0 3 9 482 310
		Package 30: 170638 0 3 9 1765 330
		Package 31: 170916 0 3 9 1237 225
		Package 32: 171776 0 3 9 1163 267
		Package 33: 171828 0 3 9 234 467
		Package 34: 172378 0 3 9 1405 525
		Package 35: 173094 0 3 9 601 229
		Package 36: 173097 0 3 9 629 764
		Package 37: 173467 0 3 9 728 296
		Package 38: 173838 0 3 9 716 986
		Package 39: 175318 0 3 9 875 701
		Package 40: 175705 0 3 9 1564 548
		Package 41: 176548 0 3 9 1408 732
	Number of Packages: 41

	Truck: XE-51-DP 296 271 13742
		Package 1: 176914 0 3 9 559 578
		Package 2: 177002 0 3 9 366 715
		Package 3: 177070 0 3 9 478 820
		Package 4: 179898 0 3 9 1940 267
		Package 5: 180251 0 3 9 1432 1056
		Package 6: 180609 0 3 9 954 351
		Package 7: 181067 0 3 9 291 321
		Package 8: 181942 0 3 9 1542 551
		Package 9: 184661 0 3 9 1974 943
		Package 10: 184945 0 3 9 1221 988
		Package 11: 185427 0 3 9 910 422
		Package 12: 186200 0 3 9 1162 1005
		Package 13: 186201 0 3 9 699 280
		Package 14: 186435 0 3 9 1670 224
		Package 15: 186676 0 3 9 1893 1019
		Package 16: 187487 0 3 9 813 454
		Package 17: 187852 0 3 9 1108 951
		Package 18: 189557 0 3 9 477 771
		Package 19: 189808 0 3 9 1839 826
		Package 20: 192018 0 3 9 1307 206
		Package 21: 194312 0 3 9 884 109
		Package 22: 194869 0 3 9 724 833
		Package 23: 195025 0 3 9 1091 133
		Package 24: 196301 0 3 9 987 535
		Package 25: 198055 0 3 9 1536 236
		Package 26: 963 0 3 10 677 599
		Package 27: 2359 0 3 10 1986 561
		Package 28: 2638 0 3 10 558 937
		Package 29: 2966 0 3 10 1281 185
	Number of Packages: 29

	Truck: KO-82-SW 292 289 14548
		Package 1: 3894 0 3 10 1843 954
		Package 2: 3943 0 3 10 1599 577
		Package 3: 3968 0 3 10 232 381
		Package 4: 4182 0 3 10 1040 511
		Package 5: 4587 0 3 10 1959 166
		Package 6: 5432 0 3 10 1173 663
		Package 7: 6786 0 3 10 819 892
		Package 8: 6830 0 3 10 1445 306
		Package 9: 7530 0 3 10 1887 542
		Package 10: 9516 0 3 10 1868 1015
		Package 11: 10520 0 3 10 1058 235
		Package 12: 10741 0 3 10 1649 783
		Package 13: 13375 0 3 10 1317 428
		Package 14: 13547 0 3 10 1131 222
		Package 15: 14274 0 3 10 226 709
		Package 16: 14963 0 3 10 512 757
		Package 17: 14982 0 3 10 538 232
		Package 18: 16752 0 3 10 969 1067
		Package 19: 18677 0 3 10 1561 488
		Package 20: 19482 0 3 10 1008 498
		Package 21: 19685 0 3 10 1918 618
		Package 22: 20572 0 3 10 609 186
		Package 23: 21224 0 3 10 403 591
		Package 24: 21959 0 3 10 1907 465
		Package 25: 22256 0 3 10 1515 256
		Package 26: 22726 0 3 10 1333 524
		Package 27: 25201 0 3 10 1409 472
		Package 28: 25382 0 3 10 311 581
	Number of Packages: 28

	Truck: SS-46-DR 292 316 16581
		Package 1: 26374 0 3 10 1862 992
		Package 2: 27219 0 3 10 1667 829
		Package 3: 27461 0 3 10 1599 578
		Package 4: 27619 0 3 10 1223 545
		Package 5: 29333 0 3 10 1016 1030
		Package 6: 29920 0 3 10 1002 805
		Package 7: 30049 0 3 10 797 653
		Package 8: 31023 0 3 10 274 254
		Package 9: 31425 0 3 10 811 149
		Package 10: 32377 0 3 10 540 465
		Package 11: 33110 0 3 10 211 184
		Package 12: 36213 0 3 10 1262 808
		Package 13: 36503 0 3 10 561 906
		Package 14: 36662 0 3 10 1393 573
		Package 15: 39203 0 3 10 1149 797
		Package 16: 39279 0 3 10 707 498
		Package 17: 39568 0 3 10 225 779
		Package 18: 40396 0 3 10 1358 781
		Package 19: 41280 0 3 10 1729 814
		Package 20: 41349 0 3 10 1164 198
		Package 21: 44106 0 3 10 1299 705
		Package 22: 44889 0 3 10 384 140
		Package 23: 45280 0 3 10 1444 344
		Package 24: 46292 0 3 10 1651 794
		Package 25: 47783 0 3 10 641 942
		Package 26: 49489 0 3 10 1503 569
		Package 27: 50209 0 3 10 331 355
		Package 28: 50958 0 3 10 924 1059
		Package 29: 51769 0 3 10 494 894
		Package 30: 52244 0 3 10 1485 961
		Package 31: 52388 0 3 10 1913 336
	Number of Packages: 31

	Truck: KV-72-RO 288 346 13476
		Package 1: 52407 0 3 10 329 355
		Package 2: 53705 0 3 10 1828 834
		Package 3: 54039 0 3 10 304 944
		Package 4: 54103 0 3 10 326 1017
		Package 5: 54109 0 3 10 1334 873
		Package 6: 54224 0 3 10 1438 871
		Package 7: 55674 0 3 10 1725 508
		Package 8: 58222 0 3 10 1781 633
		Package 9: 58382 0 3 10 1524 1100
		Package 10: 59931 0 3 10 1222 965
		Package 11: 60145 0 3 10 1190 275
		Package 12: 62232 0 3 10 1151 571
		Package 13: 62630 0 3 10 750 351
		Package 14: 63949 0 3 10 948 181
		Package 15: 64927 0 3 10 360 734
		Package 16: 65114 0 3 10 290 427
		Package 17: 65204 0 3 10 1979 598
		Package 18: 65953 0 3 10 1021 231
		Package 19: 65988 0 3 10 779 139
		Package 20: 65991 0 3 10 1970 477
		Package 21: 67679 0 3 10 1238 936
		Package 22: 68513 0 3 10 1438 876
		Package 23: 69611 0 3 10 967 604
		Package 24: 70206 0 3 10 1688 440
		Package 25: 71822 0 3 10 989 928
		Package 26: 72310 0 3 10 283 319
		Package 27: 72358 0 3 10 1813 261
		Package 28: 72523 0 3 10 206 742
		Package 29: 72696 0 3 10 1290 416
		Package 30: 73585 0 3 10 1511 909
		Package 31: 74168 0 3 10 345 829
		Package 32: 74316 0 3 10 1749 794
		Package 33: 74906 0 3 10 543 880
		Package 34: 75822 0 3 10 1745 928
	Number of Packages: 34

	Truck: QX-45-XL 287 304 15787
		Package 1: 76478 0 3 10 545 936
		Package 2: 78054 0 3 10 1322 280
		Package 3: 78425 0 3 10 628 767
		Package 4: 79140 0 3 10 594 1051
		Package 5: 79469 0 3 10 469 180
		Package 6: 79542 0 3 10 755 550
		Package 7: 80314 0 3 10 1588 1047
		Package 8: 81097 0 3 10 1334 1032
		Package 9: 81243 0 3 10 1723 794
		Package 10: 81452 0 3 10 374 628
		Package 11: 81740 0 3 10 1281 1094
		Package 12: 82096 0 3 10 1755 787
		Package 13: 82273 0 3 10 1783 735
		Package 14: 83903 0 3 10 1168 769
		Package 15: 85393 0 3 10 1971 269
		Package 16: 85561 0 3 10 1239 557
		Package 17: 85803 0 3 10 1105 833
		Package 18: 87230 0 3 10 1307 933
		Package 19: 88088 0 3 10 886 390
		Package 20: 89476 0 3 10 1694 682
		Package 21: 89943 0 3 10 1596 320
		Package 22: 92425 0 3 10 482 142
		Package 23: 92459 0 3 10 954 948
		Package 24: 94326 0 3 10 910 452
		Package 25: 95893 0 3 10 522 321
		Package 26: 96899 0 3 10 1729 404
		Package 27: 97679 0 3 10 1862 800
		Package 28: 99562 0 3 10 594 1055
		Package 29: 99873 0 3 10 1413 548
		Package 30: 100785 0 3 10 1095 319
	Number of Packages: 30

	Truck: IO-64-MX 287 342 15977
		Package 1: 102568 0 3 10 1275 1092
		Package 2: 103640 0 3 10 489 460
		Package 3: 103954 0 3 10 891 820
		Package 4: 105416 0 3 10 1830 1068
		Package 5: 105763 0 3 10 704 1061
		Package 6: 105775 0 3 10 459 165
		Package 7: 105776 0 3 10 460 977
		Package 8: 105806 0 3 10 534 444
		Package 9: 106104 0 3 10 684 713
		Package 10: 106425 0 3 10 1212 304
		Package 11: 107647 0 3 10 1585 481
		Package 12: 108575 0 3 10 1181 823
		Package 13: 109268 0 3 10 585 200
		Package 14: 109841 0 3 10 970 901
		Package 15: 109994 0 3 10 989 723
		Package 16: 113290 0 3 10 1283 131
		Package 17: 114610 0 3 10 1524 655
		Package 18: 114639 0 3 10 1741 197
		Package 19: 115692 0 3 10 1547 547
		Package 20: 117130 0 3 10 1263 764
		Package 21: 119530 0 3 10 1049 166
		Package 22: 119558 0 3 10 293 590
		Package 23: 119974 0 3 10 458 561
		Package 24: 120008 0 3 10 989 668
		Package 25: 121027 0 3 10 646 1096
		Package 26: 121594 0 3 10 1538 590
		Package 27: 122447 0 3 10 632 572
		Package 28: 122580 0 3 10 402 651
		Package 29: 122665 0 3 10 1942 539
		Package 30: 123118 0 3 10 1100 174
		Package 31: 124600 0 3 10 1014 488
		Package 32: 125600 0 3 10 1078 315
		Package 33: 125933 0 3 10 1796 1091
		Package 34: 128423 0 3 10 1486 1020
	Number of Packages: 34

	Truck: IN-49-NR 285 258 13044
		Package 1: 129373 0 3 10 1445 942
		Package 2: 130510 0 3 10 1764 149
		Package 3: 131285 0 3 10 1255 552
		Package 4: 134011 0 3 10 1978 1022
		Package 5: 134448 0 3 10 525 909
		Package 6: 134528 0 3 10 1653 368
		Package 7: 134615 0 3 10 1255 308
		Package 8: 134783 0 3 10 633 681
		Package 9: 135154 0 3 10 1901 310
		Package 10: 136416 0 3 10 1741 161
		Package 11: 139423 0 3 10 605 356
		Package 12: 140644 0 3 10 918 452
		Package 13: 141430 0 3 10 425 289
		Package 14: 142017 0 3 10 786 548
		Package 15: 142445 0 3 10 274 202
		Package 16: 142753 0 3 10 506 693
		Package 17: 143361 0 3 10 630 540
		Package 18: 143466 0 3 10 313 791
		Package 19: 144918 0 3 10 415 187
		Package 20: 145592 0 3 10 345 463
		Package 21: 145829 0 3 10 756 881
		Package 22: 146858 0 3 10 963 851
		Package 23: 147784 0 3 10 1608 378
		Package 24: 148449 0 3 10 1473 286
		Package 25: 148592 0 3 10 287 712
	Number of Packages: 25

	Truck: SW-32-OH 281 287 14581
		Package 1: 148880 0 3 10 362 103
		Package 2: 148940 0 3 10 458 779
		Package 3: 149531 0 3 10 687 314
		Package 4: 149621 0 3 10 468 260
		Package 5: 150296 0 3 10 1234 195
		Package 6: 151439 0 3 10 1038 990
		Package 7: 151652 0 3 10 393 993
		Package 8: 153023 0 3 10 1782 249
		Package 9: 153102 0 3 10 1472 1044
		Package 10: 153466 0 3 10 1652 823
		Package 11: 153500 0 3 10 1874 627
		Package 12: 153783 0 3 10 1493 1007
		Package 13: 153967 0 3 10 1287 357
		Package 14: 155147 0 3 10 875 818
		Package 15: 156591 0 3 10 527 1025
		Package 16: 157283 0 3 10 1959 897
		Package 17: 158205 0 3 10 1256 528
		Package 18: 159202 0 3 10 1530 1072
		Package 19: 159842 0 3 10 1457 934
		Package 20: 160335 0 3 10 998 100
		Package 21: 160883 0 3 10 533 929
		Package 22: 165048 0 3 10 676 344
		Package 23: 167473 0 3 10 942 174
		Package 24: 167621 0 3 10 1173 779
		Package 25: 168845 0 3 10 1299 697
		Package 26: 169622 0 3 10 1410 634
		Package 27: 170247 0 3 10 1732 548
		Package 28: 170962 0 3 10 620 581
	Number of Packages: 28

	Truck: EU-60-EJ 278 386 16833
		Package 1: 170963 0 3 10 1670 266
		Package 2: 173005 0 3 10 1169 633
		Package 3: 173287 0 3 10 552 908
		Package 4: 173288 0 3 10 1856 492
		Package 5: 173707 0 3 10 1237 666
		Package 6: 173740 0 3 10 1767 374
		Package 7: 174091 0 3 10 223 937
		Package 8: 174523 0 3 10 571 799
		Package 9: 175073 0 3 10 1542 552
		Package 10: 175323 0 3 10 1463 704
		Package 11: 175497 0 3 10 628 806
		Package 12: 177444 0 3 10 243 109
		Package 13: 178002 0 3 10 1855 731
		Package 14: 179100 0 3 10 1884 779
		Package 15: 180361 0 3 10 253 131
		Package 16: 180523 0 3 10 386 898
		Package 17: 181718 0 3 10 1151 923
		Package 18: 182712 0 3 10 1614 644
		Package 19: 182920 0 3 10 1003 569
		Package 20: 182938 0 3 10 261 392
		Package 21: 183186 0 3 10 395 472
		Package 22: 183396 0 3 10 276 745
		Package 23: 185055 0 3 10 1342 852
		Package 24: 185204 0 3 10 1284 1068
		Package 25: 186052 0 3 10 272 159
		Package 26: 188841 0 3 10 374 206
		Package 27: 189986 0 3 10 1366 215
		Package 28: 190183 0 3 10 1098 949
		Package 29: 190337 0 3 10 690 273
		Package 30: 190424 0 3 10 1118 180
		Package 31: 190498 0 3 10 1228 214
		Package 32: 190606 0 3 10 662 876
		Package 33: 193296 0 3 10 1050 396
		Package 34: 194967 0 3 10 507 378
		Package 35: 195508 0 3 10 1755 851
		Package 36: 195987 0 3 10 980 673
		Package 37: 196364 0 3 10 261 734
		Package 38: 197291 0 3 10 1061 380
	Number of Packages: 38

	Truck: HI-66-NH 277 399 14862
		Package 1: 197474 0 3 10 1860 527
		Package 2: 197521 0 3 10 505 1088
		Package 3: 198309 0 3 10 832 229
		Package 4: 199866 0 3 10 1444 686
		Package 5: 910 0 3 11 327 798
		Package 6: 1081 0 3 11 562 145
		Package 7: 1514 0 3 11 823 122
		Package 8: 2262 0 3 11 1818 554
		Package 9: 3821 0 3 11 1767 760
		Package 10: 5821 0 3 11 593 561
		Package 11: 5939 0 3 11 231 545
		Package 12: 6249 0 3 11 1830 1091
		Package 13: 6700 0 3 11 1030 635
		Package 14: 6944 0 3 11 984 1021
		Package 15: 7244 0 3 11 590 383
		Package 16: 7447 0 3 11 1844 971
		Package 17: 8849 0 3 11 730 746
		Package 18: 9123 0 3 11 1396 469
		Package 19: 9239 0 3 11 354 594
		Package 20: 10056 0 3 11 1952 101
		Package 21: 11641 0 3 11 1958 332
		Package 22: 13071 0 3 11 606 286
		Package 23: 14792 0 3 11 618 156
		Package 24: 14798 0 3 11 1918 532
		Package 25: 15475 0 3 11 1534 467
		Package 26: 15805 0 3 11 981 220
		Package 27: 17124 0 3 11 838 148
		Package 28: 17858 0 3 11 303 1096
		Package 29: 17901 0 3 11 770 773
		Package 30: 17965 0 3 11 1427 897
		Package 31: 18062 0 3 11 413 748
		Package 32: 18901 0 3 11 1345 1017
		Package 33: 20620 0 3 11 483 470
		Package 34: 21056 0 3 11 219 951
		Package 35: 21749 0 3 11 360 136
		Package 36: 21932 0 3 11 1415 1071
	Number of Packages: 36

	Truck: TO-87-EB 268 346 14777
		Package 1: 23646 0 3 11 1849 125
		Package 2: 24205 0 3 11 1012 393
		Package 3: 24212 0 3 11 516 272
		Package 4: 24278 0 3 11 1659 584
		Package 5: 25840 0 3 11 446 473
		Package 6: 27286 0 3 11 1930 393
		Package 7: 27486 0 3 11 1578 243
		Package 8: 27907 0 3 11 1332 525
		Package 9: 28182 0 3 11 1958 828
		Package 10: 28579 0 3 11 1466 768
		Package 11: 29529 0 3 11 768 642
		Package 12: 32574 0 3 11 560 284
		Package 13: 33163 0 3 11 874 299
		Package 14: 34846 0 3 11 677 113
		Package 15: 34853 0 3 11 876 224
		Package 16: 35600 0 3 11 985 905
		Package 17: 36341 0 3 11 1807 249
		Package 18: 37139 0 3 11 1543 924
		Package 19: 40073 0 3 11 1047 270
		Package 20: 40952 0 3 11 1425 489
		Package 21: 41769 0 3 11 1946 305
		Package 22: 43685 0 3 11 952 450
		Package 23: 44490 0 3 11 590 645
		Package 24: 45425 0 3 11 707 955
		Package 25: 47000 0 3 11 1443 460
		Package 26: 48958 0 3 11 510 1002
		Package 27: 50578 0 3 11 1808 798
		Package 28: 51468 0 3 11 207 812
		Package 29: 51796 0 3 11 211 1023
		Package 30: 52435 0 3 11 234 456
		Package 31: 53045 0 3 11 786 267
	Number of Packages: 31

	Truck: IC-18-ES 265 274 14952
		Package 1: 53235 0 3 11 1220 129
		Package 2: 55173 0 3 11 1431 856
		Package 3: 56065 0 3 11 328 550
		Package 4: 59814 0 3 11 1568 1095
		Package 5: 63815 0 3 11 1724 617
		Package 6: 64809 0 3 11 1208 297
		Package 7: 65205 0 3 11 1065 725
		Package 8: 65312 0 3 11 632 1020
		Package 9: 67148 0 3 11 1136 713
		Package 10: 67234 0 3 11 1355 492
		Package 11: 67257 0 3 11 674 856
		Package 12: 67529 0 3 11 527 1040
		Package 13: 67765 0 3 11 1839 487
		Package 14: 68243 0 3 11 1625 745
		Package 15: 68805 0 3 11 447 630
		Package 16: 69192 0 3 11 1569 374
		Package 17: 69998 0 3 11 687 1089
		Package 18: 70042 0 3 11 533 119
		Package 19: 71541 0 3 11 403 303
		Package 20: 71971 0 3 11 787 355
		Package 21: 73221 0 3 11 335 329
		Package 22: 74516 0 3 11 226 767
		Package 23: 75246 0 3 11 555 650
		Package 24: 75291 0 3 11 1411 625
	Number of Packages: 24

	Truck: MU-15-DY 262 389 15106
		Package 1: 75910 0 3 11 1460 298
		Package 2: 76160 0 3 11 1030 148
		Package 3: 76354 0 3 11 1250 465
		Package 4: 76749 0 3 11 303 371
		Package 5: 76885 0 3 11 1149 788
		Package 6: 77190 0 3 11 1428 605
		Package 7: 77452 0 3 11 743 195
		Package 8: 78640 0 3 11 1422 351
		Package 9: 80330 0 3 11 1215 316
		Package 10: 80429 0 3 11 1256 253
		Package 11: 81469 0 3 11 1768 541
		Package 12: 82564 0 3 11 1874 792
		Package 13: 82726 0 3 11 432 680
		Package 14: 83316 0 3 11 1731 567
		Package 15: 84117 0 3 11 1501 645
		Package 16: 86007 0 3 11 1056 1027
		Package 17: 91058 0 3 11 323 764
		Package 18: 92099 0 3 11 508 122
		Package 19: 92595 0 3 11 872 1020
		Package 20: 93234 0 3 11 1036 805
		Package 21: 94356 0 3 11 793 219
		Package 22: 94611 0 3 11 1442 696
		Package 23: 97054 0 3 11 280 262
		Package 24: 100447 0 3 11 1260 197
		Package 25: 100754 0 3 11 228 922
		Package 26: 101914 0 3 11 345 967
		Package 27: 104453 0 3 11 281 340
		Package 28: 104532 0 3 11 1189 169
		Package 29: 104665 0 3 11 1139 751
		Package 30: 106438 0 3 11 1751 224
		Package 31: 107560 0 3 11 671 642
		Package 32: 107916 0 3 11 875 677
		Package 33: 110093 0 3 11 449 442
		Package 34: 112634 0 3 11 1337 745
		Package 35: 113343 0 3 11 1369 1099
	Number of Packages: 35

	Truck: WS-73-BY 262 384 15363
		Package 1: 113384 0 3 11 401 563
		Package 2: 113554 0 3 11 1967 662
		Package 3: 113576 0 3 11 1553 528
		Package 4: 113737 0 3 11 651 723
		Package 5: 114416 0 3 11 437 602
		Package 6: 114770 0 3 11 1760 1036
		Package 7: 115855 0 3 11 444 441
		Package 8: 116769 0 3 11 663 1052
		Package 9: 117618 0 3 11 1772 715
		Package 10: 117684 0 3 11 703 973
		Package 11: 118384 0 3 11 1797 192
		Package 12: 121612 0 3 11 1322 123
		Package 13: 122474 0 3 11 895 287
		Package 14: 123762 0 3 11 489 220
		Package 15: 123820 0 3 11 1461 684
		Package 16: 124331 0 3 11 1450 927
		Package 17: 124527 0 3 11 1906 714
		Package 18: 126287 0 3 11 1225 629
		Package 19: 126720 0 3 11 598 157
		Package 20: 131457 0 3 11 654 260
		Package 21: 132382 0 3 11 1398 205
		Package 22: 132766 0 3 11 305 711
		Package 23: 132931 0 3 11 491 1063
		Package 24: 133702 0 3 11 1446 878
		Package 25: 133924 0 3 11 1824 751
		Package 26: 134467 0 3 11 464 406
		Package 27: 134554 0 3 11 901 716
		Package 28: 134641 0 3 11 972 810
		Package 29: 135721 0 3 11 1444 971
		Package 30: 136185 0 3 11 313 1061
		Package 31: 136837 0 3 11 1326 353
		Package 32: 136998 0 3 11 233 738
		Package 33: 137133 0 3 11 1415 742
		Package 34: 138131 0 3 11 909 602
	Number of Packages: 34

	Truck: YQ-74-FN 259 354 13356
		Package 1: 138310 0 3 11 765 290
		Package 2: 138912 0 3 11 1878 200
		Package 3: 139401 0 3 11 1100 708
		Package 4: 139815 0 3 11 748 281
		Package 5: 140673 0 3 11 477 556
		Package 6: 140844 0 3 11 1502 286
		Package 7: 142188 0 3 11 1227 241
		Package 8: 142695 0 3 11 1123 237
		Package 9: 143678 0 3 11 1320 467
		Package 10: 144141 0 3 11 354 965
		Package 11: 145736 0 3 11 983 654
		Package 12: 147397 0 3 11 369 740
		Package 13: 147633 0 3 11 1957 1080
		Package 14: 150891 0 3 11 926 314
		Package 15: 151013 0 3 11 1952 683
		Package 16: 151162 0 3 11 1749 1009
		Package 17: 152472 0 3 11 1149 818
		Package 18: 152782 0 3 11 567 652
		Package 19: 152798 0 3 11 968 300
		Package 20: 153111 0 3 11 1663 309
		Package 21: 154819 0 3 11 1729 583
		Package 22: 155350 0 3 11 1346 405
		Package 23: 155408 0 3 11 1193 700
		Package 24: 157679 0 3 11 1574 215
		Package 25: 157782 0 3 11 1586 372
		Package 26: 157918 0 3 11 344 616
		Package 27: 158165 0 3 11 1180 629
		Package 28: 159466 0 3 11 1331 961
		Package 29: 159742 0 3 11 1540 631
		Package 30: 159912 0 3 11 1345 103
		Package 31: 160712 0 3 11 1670 153
		Package 32: 162683 0 3 11 494 328
	Number of Packages: 32

	Truck: HE-38-SA 259 310 16154
		Package 1: 162714 0 3 11 592 187
		Package 2: 163535 0 3 11 1989 666
		Package 3: 163568 0 3 11 1341 159
		Package 4: 163722 0 3 11 727 191
		Package 5: 164232 0 3 11 1443 774
		Package 6: 167169 0 3 11 1257 589
		Package 7: 167443 0 3 11 1005 493
		Package 8: 168246 0 3 11 1086 939
		Package 9: 169725 0 3 11 1577 684
		Package 10: 170405 0 3 11 742 472
		Package 11: 172010 0 3 11 691 522
		Package 12: 172016 0 3 11 634 828
		Package 13: 172636 0 3 11 1745 758
		Package 14: 172776 0 3 11 450 246
		Package 15: 173132 0 3 11 613 366
		Package 16: 173624 0 3 11 1512 621
		Package 17: 175797 0 3 11 1101 678
		Package 18: 176105 0 3 11 1190 121
		Package 19: 176562 0 3 11 1891 233
		Package 20: 177356 0 3 11 1026 753
		Package 21: 178857 0 3 11 1135 588
		Package 22: 178871 0 3 11 446 1048
		Package 23: 179303 0 3 11 900 908
		Package 24: 179753 0 3 11 771 327
		Package 25: 180494 0 3 11 1200 577
		Package 26: 180636 0 3 11 750 967
		Package 27: 182272 0 3 11 817 601
		Package 28: 185707 0 3 11 1307 201
	Number of Packages: 28

	Truck: PB-90-IY 258 289 14932
		Package 1: 187260 0 3 11 1971 868
		Package 2: 189423 0 3 11 1194 1046
		Package 3: 190099 0 3 11 368 860
		Package 4: 191204 0 3 11 1234 589
		Package 5: 191245 0 3 11 1614 309
		Package 6: 192171 0 3 11 1295 353
		Package 7: 192415 0 3 11 1394 655
		Package 8: 193147 0 3 11 1021 729
		Package 9: 193578 0 3 11 1027 953
		Package 10: 194913 0 3 11 646 250
		Package 11: 196013 0 3 11 607 194
		Package 12: 196962 0 3 11 1787 373
		Package 13: 197148 0 3 11 826 114
		Package 14: 113 0 3 12 1129 1049
		Package 15: 870 0 3 12 417 129
		Package 16: 1157 0 3 12 1802 861
		Package 17: 1795 0 3 12 482 678
		Package 18: 2295 0 3 12 1983 544
		Package 19: 3960 0 3 12 591 704
		Package 20: 4907 0 3 12 1527 225
		Package 21: 5151 0 3 12 1879 841
		Package 22: 6155 0 3 12 1810 367
		Package 23: 6792 0 3 12 1213 436
		Package 24: 9276 0 3 12 918 456
		Package 25: 10710 0 3 12 446 251
	Number of Packages: 25

	Truck: JF-79-KW 256 289 14860
		Package 1: 12531 0 3 12 1354 124
		Package 2: 13107 0 3 12 1980 668
		Package 3: 13727 0 3 12 681 847
		Package 4: 14971 0 3 12 749 494
		Package 5: 16934 0 3 12 549 871
		Package 6: 18166 0 3 12 1859 662
		Package 7: 19012 0 3 12 1514 544
		Package 8: 20407 0 3 12 1686 1085
		Package 9: 22655 0 3 12 1545 201
		Package 10: 23193 0 3 12 886 450
		Package 11: 23289 0 3 12 831 210
		Package 12: 24910 0 3 12 658 229
		Package 13: 26396 0 3 12 251 120
		Package 14: 27117 0 3 12 224 566
		Package 15: 27192 0 3 12 1553 394
		Package 16: 27260 0 3 12 353 530
		Package 17: 28200 0 3 12 1967 584
		Package 18: 28256 0 3 12 1150 1027
		Package 19: 29373 0 3 12 296 294
		Package 20: 29756 0 3 12 204 885
		Package 21: 32979 0 3 12 1639 306
		Package 22: 33017 0 3 12 607 457
		Package 23: 33849 0 3 12 1531 435
		Package 24: 34478 0 3 12 924 825
	Number of Packages: 24

	Truck: RF-24-KE 255 275 13025
		Package 1: 35152 0 3 12 1483 490
		Package 2: 35671 0 3 12 537 732
		Package 3: 36194 0 3 12 946 753
		Package 4: 36762 0 3 12 873 309
		Package 5: 36837 0 3 12 965 866
		Package 6: 37367 0 3 12 1074 1034
		Package 7: 37370 0 3 12 1931 433
		Package 8: 37919 0 3 12 304 1043
		Package 9: 38316 0 3 12 1554 1055
		Package 10: 38501 0 3 12 457 137
		Package 11: 38505 0 3 12 1821 875
		Package 12: 39086 0 3 12 1351 518
		Package 13: 40140 0 3 12 531 930
		Package 14: 40655 0 3 12 1628 221
		Package 15: 42528 0 3 12 207 722
		Package 16: 44066 0 3 12 834 691
		Package 17: 44589 0 3 12 625 772
		Package 18: 45547 0 3 12 1029 963
		Package 19: 45834 0 3 12 647 503
		Package 20: 46348 0 3 12 847 562
		Package 21: 46707 0 3 12 1247 150
		Package 22: 46805 0 3 12 671 324
	Number of Packages: 22

	Truck: AO-76-GQ 253 386 13481
		Package 1: 47379 0 3 12 896 636
		Package 2: 47735 0 3 12 1630 958
		Package 3: 48342 0 3 12 1284 475
		Package 4: 48856 0 3 12 1884 959
		Package 5: 48936 0 3 12 1299 272
		Package 6: 49180 0 3 12 880 462
		Package 7: 52855 0 3 12 1215 604
		Package 8: 53252 0 3 12 1928 329
		Package 9: 55851 0 3 12 517 715
		Package 10: 56604 0 3 12 1415 769
		Package 11: 57034 0 3 12 343 344
		Package 12: 58476 0 3 12 305 1086
		Package 13: 60633 0 3 12 1743 366
		Package 14: 60760 0 3 12 1686 444
		Package 15: 61357 0 3 12 529 230
		Package 16: 63517 0 3 12 1740 771
		Package 17: 63716 0 3 12 1055 779
		Package 18: 64567 0 3 12 410 971
		Package 19: 64831 0 3 12 338 825
		Package 20: 65071 0 3 12 1852 302
		Package 21: 65296 0 3 12 834 452
		Package 22: 65337 0 3 12 1059 571
		Package 23: 65587 0 3 12 961 1027
		Package 24: 66051 0 3 12 680 379
		Package 25: 66391 0 3 12 1955 588
		Package 26: 66712 0 3 12 652 209
		Package 27: 66992 0 3 12 1077 1096
		Package 28: 69470 0 3 12 1751 484
		Package 29: 70612 0 3 12 1443 813
		Package 30: 71172 0 3 12 875 500
		Package 31: 72595 0 3 12 1839 1051
		Package 32: 73840 0 3 12 1112 523
	Number of Packages: 32

	Number of trucks: 50
	Number of packages (total, !express): 2267
	Percentage of delivered packages: 1.25944%