Information: 
	Truck: licencePlate volMax weightMax cost
	Package: id priority volume weight reward duration

Mon Apr 18 19:16:58 2022

	Truck: HI-66-NH 277 399 14862
		Package 1: 16 0 8 3 1143 597
		Package 2: 29 0 5 3 433 173
		Package 3: 104 0 22 3 937 533
		Package 4: 107 0 8 3 1700 858
		Package 5: 218 0 20 3 570 160
		Package 6: 231 0 13 3 1441 122
		Package 7: 249 0 20 3 1577 224
		Package 8: 251 0 24 3 1312 242
		Package 9: 324 0 17 3 995 250
		Package 10: 330 0 15 3 1670 100
		Package 11: 351 0 6 3 1332 603
		Package 12: 436 0 18 3 1799 735
		Package 13: 460 0 24 3 219 501
		Package 14: 467 0 13 3 1104 542
		Package 15: 478 0 26 3 1398 971
		Package 16: 493 0 15 3 1752 762
		Package 17: 501 0 3 3 944 213
	Number of Packages: 17

	Truck: MT-28-IH 328 398 13956
		Package 1: 508 0 22 3 1437 727
		Package 2: 525 0 14 3 1671 253
		Package 3: 604 0 4 3 1592 783
		Package 4: 689 0 6 3 1354 1086
		Package 5: 701 0 10 3 1325 646
		Package 6: 786 0 28 3 1963 741
		Package 7: 807 0 27 3 1343 631
		Package 8: 820 0 5 3 1318 411
		Package 9: 841 0 18 3 1552 813
		Package 10: 842 0 28 3 1015 414
		Package 11: 1003 0 11 3 799 497
		Package 12: 1005 0 23 3 1648 153
		Package 13: 1014 0 24 3 1888 434
		Package 14: 1076 0 18 3 1189 476
		Package 15: 1082 0 6 3 273 686
		Package 16: 1084 0 15 3 578 418
		Package 17: 1093 0 20 3 495 580
		Package 18: 1103 0 21 3 1750 881
	Number of Packages: 18

	Truck: AK-43-SE 391 395 13796
		Package 1: 1108 0 29 3 326 574
		Package 2: 1163 0 8 3 833 911
		Package 3: 1249 0 6 3 541 715
		Package 4: 1302 0 19 3 1522 424
		Package 5: 1344 0 17 3 1963 773
		Package 6: 1345 0 11 3 333 691
		Package 7: 1352 0 5 3 466 347
		Package 8: 1361 0 10 3 812 815
		Package 9: 1363 0 22 3 1165 582
		Package 10: 1377 0 8 3 1822 211
		Package 11: 1385 0 11 3 1209 1072
		Package 12: 1425 0 24 3 268 272
		Package 13: 1475 0 18 3 533 390
		Package 14: 1491 0 7 3 762 1050
		Package 15: 1516 0 29 3 348 1063
		Package 16: 1534 0 18 3 1061 353
		Package 17: 1545 0 13 3 1334 991
		Package 18: 1551 0 24 3 1417 1048
		Package 19: 1570 0 27 3 1016 212
		Package 20: 1582 0 25 3 1145 849
		Package 21: 1586 0 7 3 550 460
		Package 22: 1588 0 28 3 384 395
		Package 23: 1596 0 21 3 1677 711
	Number of Packages: 23

	Truck: MU-15-DY 262 389 15106
		Package 1: 1597 0 20 3 492 730
		Package 2: 1623 0 22 3 1440 238
		Package 3: 1647 0 13 3 788 801
		Package 4: 1690 0 14 3 953 358
		Package 5: 1696 0 11 3 764 251
		Package 6: 1717 0 20 3 703 814
		Package 7: 1721 0 26 3 1811 600
		Package 8: 1749 0 23 3 311 647
		Package 9: 1824 0 26 3 1659 111
		Package 10: 1893 0 16 3 250 315
		Package 11: 1932 0 11 3 1420 933
		Package 12: 1942 0 11 3 1719 218
		Package 13: 1944 0 7 3 1775 523
		Package 14: 1954 0 23 3 1265 683
		Package 15: 1974 0 10 3 526 1051
	Number of Packages: 15

	Truck: EP-92-PV 310 387 14105
		Package 1: 1980 0 17 3 825 121
		Package 2: 2049 0 12 3 1056 434
		Package 3: 2055 0 29 3 1894 817
		Package 4: 2084 0 8 3 1449 352
		Package 5: 2117 0 11 3 1339 841
		Package 6: 2134 0 29 3 1524 737
		Package 7: 2263 0 27 3 1584 881
		Package 8: 2296 0 9 3 782 612
		Package 9: 2359 0 7 3 1598 568
		Package 10: 2366 0 11 3 1131 671
		Package 11: 2376 0 28 3 1332 149
		Package 12: 2421 0 19 3 1498 462
		Package 13: 2524 0 12 3 239 685
		Package 14: 2533 0 5 3 1946 400
		Package 15: 2596 0 13 3 1651 421
		Package 16: 2601 0 23 3 216 329
		Package 17: 2639 0 7 3 1795 221
		Package 18: 2742 0 8 3 970 105
		Package 19: 2746 0 15 3 883 487
		Package 20: 2766 0 14 3 212 766
	Number of Packages: 20

	Truck: AO-76-GQ 253 386 13481
		Package 1: 2806 0 25 3 895 857
		Package 2: 2858 0 23 3 851 692
		Package 3: 2869 0 12 3 1365 345
		Package 4: 2898 0 18 3 995 934
		Package 5: 2978 0 16 3 1830 524
		Package 6: 2999 0 6 3 413 412
		Package 7: 42 0 16 4 1427 453
		Package 8: 140 0 13 4 399 117
		Package 9: 160 0 17 4 1392 555
		Package 10: 164 0 3 4 391 747
		Package 11: 188 0 18 4 1119 542
		Package 12: 370 0 16 4 1552 246
		Package 13: 454 0 6 4 713 1034
		Package 14: 511 0 21 4 1648 1015
		Package 15: 513 0 11 4 1104 491
		Package 16: 541 0 25 4 639 224
	Number of Packages: 16

	Truck: EU-60-EJ 278 386 16833
		Package 1: 548 0 15 4 1853 416
		Package 2: 584 0 18 4 631 1008
		Package 3: 619 0 27 4 1115 831
		Package 4: 621 0 11 4 1217 350
		Package 5: 681 0 27 4 1384 974
		Package 6: 698 0 27 4 547 1032
		Package 7: 713 0 23 4 1801 671
		Package 8: 717 0 14 4 1436 791
		Package 9: 752 0 26 4 364 948
		Package 10: 831 0 5 4 1360 1095
		Package 11: 839 0 19 4 808 759
		Package 12: 848 0 18 4 1030 370
		Package 13: 881 0 13 4 439 727
		Package 14: 895 0 26 4 951 336
		Package 15: 947 0 6 4 704 901
	Number of Packages: 15

	Truck: WS-73-BY 262 384 15363
		Package 1: 960 0 20 4 612 683
		Package 2: 983 0 11 4 570 550
		Package 3: 991 0 8 4 1071 705
		Package 4: 1065 0 17 4 1311 211
		Package 5: 1069 0 19 4 804 563
		Package 6: 1111 0 9 4 1083 1020
		Package 7: 1159 0 12 4 628 675
		Package 8: 1180 0 20 4 206 740
		Package 9: 1215 0 14 4 1587 861
		Package 10: 1216 0 11 4 1690 977
		Package 11: 1274 0 13 4 428 174
		Package 12: 1297 0 26 4 1567 899
		Package 13: 1298 0 23 4 1750 751
		Package 14: 1351 0 18 4 1861 374
		Package 15: 1403 0 6 4 310 761
		Package 16: 1422 0 4 4 1492 945
		Package 17: 1490 0 25 4 1635 662
	Number of Packages: 17

	Truck: GD-20-KK 335 383 16287
		Package 1: 1614 0 12 4 1651 287
		Package 2: 1669 0 6 4 376 102
		Package 3: 1674 0 28 4 1303 350
		Package 4: 1675 0 19 4 1617 571
		Package 5: 1695 0 7 4 306 106
		Package 6: 1712 0 15 4 1063 849
		Package 7: 1750 0 6 4 1504 151
		Package 8: 1818 0 29 4 795 924
		Package 9: 1827 0 25 4 935 117
		Package 10: 1854 0 23 4 564 1086
		Package 11: 1992 0 15 4 1533 1089
		Package 12: 2040 0 8 4 212 645
		Package 13: 2041 0 20 4 1417 681
		Package 14: 2051 0 15 4 1673 307
		Package 15: 2061 0 17 4 1196 731
		Package 16: 2071 0 3 4 287 234
		Package 17: 2073 0 22 4 1271 406
		Package 18: 2102 0 18 4 1312 240
		Package 19: 2158 0 7 4 884 532
		Package 20: 2187 0 17 4 1192 428
		Package 21: 2230 0 5 4 300 918
	Number of Packages: 21

	Truck: JG-66-ZH 335 381 15531
		Package 1: 2232 0 22 4 282 197
		Package 2: 2256 0 27 4 1375 777
		Package 3: 2258 0 9 4 1769 776
		Package 4: 2273 0 5 4 1895 574
		Package 5: 2286 0 9 4 416 1025
		Package 6: 2384 0 10 4 1723 489
		Package 7: 2397 0 20 4 696 541
		Package 8: 2414 0 14 4 1491 1081
		Package 9: 2429 0 7 4 1825 204
		Package 10: 2442 0 29 4 1580 932
		Package 11: 2451 0 17 4 531 530
		Package 12: 2461 0 4 4 512 126
		Package 13: 2498 0 9 4 1728 289
		Package 14: 2531 0 15 4 370 969
		Package 15: 2597 0 7 4 1048 965
		Package 16: 2621 0 18 4 1847 478
		Package 17: 2682 0 4 4 1241 860
		Package 18: 2720 0 15 4 1169 978
		Package 19: 2744 0 28 4 1988 1008
		Package 20: 2751 0 15 4 1329 656
		Package 21: 2778 0 10 4 1981 173
		Package 22: 2824 0 8 4 626 785
		Package 23: 2940 0 11 4 1017 588
		Package 24: 2990 0 18 4 1682 898
	Number of Packages: 24

	Truck: LX-78-FE 394 379 13241
		Package 1: 2995 0 16 4 589 761
		Package 2: 61 0 9 5 361 398
		Package 3: 72 0 3 5 413 786
		Package 4: 82 0 13 5 699 1051
		Package 5: 102 0 27 5 1294 802
		Package 6: 124 0 19 5 1988 157
		Package 7: 179 0 23 5 1759 908
		Package 8: 206 0 13 5 685 247
		Package 9: 254 0 11 5 1475 617
		Package 10: 267 0 19 5 853 341
		Package 11: 275 0 22 5 574 529
		Package 12: 309 0 21 5 1851 992
		Package 13: 333 0 18 5 338 421
		Package 14: 404 0 10 5 1169 1056
		Package 15: 449 0 9 5 397 422
		Package 16: 451 0 8 5 327 799
		Package 17: 490 0 18 5 1084 343
		Package 18: 519 0 13 5 771 1065
		Package 19: 526 0 23 5 922 216
		Package 20: 550 0 22 5 1499 228
		Package 21: 564 0 14 5 1579 544
		Package 22: 572 0 17 5 535 883
		Package 23: 573 0 20 5 1620 461
		Package 24: 574 0 24 5 460 607
	Number of Packages: 24

	Truck: IK-37-DL 398 378 15048
		Package 1: 594 0 10 5 1433 446
		Package 2: 612 0 4 5 1758 143
		Package 3: 657 0 9 5 1963 336
		Package 4: 665 0 4 5 422 394
		Package 5: 666 0 19 5 811 324
		Package 6: 679 0 4 5 1100 949
		Package 7: 703 0 21 5 1808 527
		Package 8: 718 0 23 5 1350 699
		Package 9: 784 0 18 5 1597 972
		Package 10: 800 0 22 5 407 141
		Package 11: 854 0 26 5 641 951
		Package 12: 862 0 17 5 1311 162
		Package 13: 879 0 19 5 1562 897
		Package 14: 919 0 27 5 244 755
		Package 15: 941 0 12 5 807 565
		Package 16: 956 0 25 5 1163 472
		Package 17: 972 0 10 5 551 1002
		Package 18: 993 0 22 5 1446 261
		Package 19: 1035 0 5 5 1309 289
		Package 20: 1110 0 20 5 1813 559
		Package 21: 1162 0 6 5 789 535
		Package 22: 1192 0 18 5 789 973
		Package 23: 1193 0 8 5 1155 454
		Package 24: 1207 0 29 5 582 668
		Package 25: 1212 0 14 5 1213 752
	Number of Packages: 25

	Truck: XV-02-KY 309 377 15136
		Package 1: 1220 0 13 5 1631 701
		Package 2: 1230 0 4 5 976 355
		Package 3: 1242 0 12 5 436 359
		Package 4: 1253 0 29 5 406 681
		Package 5: 1271 0 18 5 1285 841
		Package 6: 1313 0 12 5 714 689
		Package 7: 1393 0 19 5 534 360
		Package 8: 1420 0 15 5 1951 847
		Package 9: 1466 0 21 5 1399 745
		Package 10: 1483 0 29 5 1786 1038
		Package 11: 1485 0 13 5 1578 249
		Package 12: 1501 0 13 5 1678 183
		Package 13: 1502 0 27 5 242 252
		Package 14: 1509 0 7 5 1898 529
		Package 15: 1515 0 23 5 1332 917
		Package 16: 1563 0 28 5 1198 281
		Package 17: 1611 0 10 5 614 114
	Number of Packages: 17

	Truck: GY-50-KY 393 377 16543
		Package 1: 1618 0 22 5 626 291
		Package 2: 1625 0 25 5 1036 791
		Package 3: 1652 0 29 5 511 630
		Package 4: 1699 0 20 5 872 1059
		Package 5: 1720 0 6 5 1730 123
		Package 6: 1725 0 11 5 1360 294
		Package 7: 1755 0 23 5 1646 344
		Package 8: 1844 0 25 5 1418 1013
		Package 9: 1903 0 14 5 976 973
		Package 10: 1908 0 22 5 1897 348
		Package 11: 1924 0 17 5 1393 506
		Package 12: 1955 0 19 5 256 357
		Package 13: 2043 0 10 5 607 227
		Package 14: 2072 0 27 5 1919 560
		Package 15: 2100 0 27 5 398 308
		Package 16: 2101 0 20 5 1622 440
		Package 17: 2105 0 4 5 241 151
		Package 18: 2128 0 9 5 1225 352
		Package 19: 2160 0 4 5 1707 998
		Package 20: 2170 0 8 5 1562 299
		Package 21: 2182 0 6 5 1771 903
		Package 22: 2236 0 10 5 402 574
		Package 23: 2277 0 4 5 765 511
		Package 24: 2343 0 20 5 536 988
	Number of Packages: 24

	Truck: NP-11-XC 366 375 15556
		Package 1: 2348 0 18 5 310 740
		Package 2: 2379 0 9 5 203 607
		Package 3: 2446 0 29 5 1318 538
		Package 4: 2455 0 24 5 1213 549
		Package 5: 2466 0 7 5 1943 704
		Package 6: 2483 0 12 5 903 684
		Package 7: 2496 0 29 5 1220 842
		Package 8: 2501 0 24 5 1187 1099
		Package 9: 2516 0 24 5 1206 636
		Package 10: 2550 0 24 5 1838 334
		Package 11: 2572 0 16 5 376 1030
		Package 12: 2605 0 10 5 1690 561
		Package 13: 2610 0 3 5 1872 974
		Package 14: 2637 0 6 5 1648 703
		Package 15: 2656 0 17 5 466 691
		Package 16: 2715 0 16 5 1660 1025
		Package 17: 2747 0 3 5 483 830
		Package 18: 2757 0 24 5 363 172
		Package 19: 2761 0 15 5 880 778
		Package 20: 2769 0 23 5 839 943
		Package 21: 2789 0 14 5 1376 1040
		Package 22: 2801 0 11 5 660 518
		Package 23: 2814 0 8 5 605 433
	Number of Packages: 23

	Truck: NG-16-SY 308 371 13865
		Package 1: 2837 0 3 5 568 877
		Package 2: 2851 0 23 5 1502 495
		Package 3: 2855 0 3 5 942 1000
		Package 4: 2885 0 18 5 316 703
		Package 5: 2910 0 22 5 472 903
		Package 6: 6 0 8 6 1131 207
		Package 7: 38 0 22 6 1926 729
		Package 8: 64 0 17 6 1753 938
		Package 9: 66 0 29 6 338 100
		Package 10: 113 0 15 6 1001 288
		Package 11: 182 0 29 6 1584 757
		Package 12: 197 0 9 6 953 1052
		Package 13: 236 0 28 6 1646 777
		Package 14: 260 0 27 6 1486 836
		Package 15: 291 0 27 6 1589 199
		Package 16: 301 0 16 6 1798 416
		Package 17: 312 0 5 6 939 985
	Number of Packages: 17

	Truck: LR-49-BH 370 366 13618
		Package 1: 320 0 21 6 913 702
		Package 2: 332 0 21 6 1280 851
		Package 3: 378 0 27 6 417 424
		Package 4: 461 0 24 6 733 150
		Package 5: 516 0 16 6 1235 384
		Package 6: 546 0 26 6 851 994
		Package 7: 575 0 5 6 298 989
		Package 8: 580 0 17 6 739 449
		Package 9: 610 0 28 6 916 462
		Package 10: 670 0 15 6 1677 719
		Package 11: 711 0 26 6 1141 598
		Package 12: 797 0 27 6 370 1033
		Package 13: 889 0 28 6 747 676
		Package 14: 921 0 4 6 551 479
		Package 15: 990 0 27 6 1418 969
		Package 16: 1024 0 19 6 868 596
		Package 17: 1040 0 20 6 936 221
	Number of Packages: 17

	Truck: YQ-74-FN 259 354 13356
		Package 1: 1080 0 26 6 1586 990
		Package 2: 1115 0 11 6 1204 1034
		Package 3: 1161 0 3 6 1653 944
		Package 4: 1191 0 19 6 647 663
		Package 5: 1200 0 17 6 1328 299
		Package 6: 1205 0 17 6 274 971
		Package 7: 1223 0 10 6 858 637
		Package 8: 1233 0 16 6 1165 478
		Package 9: 1247 0 4 6 378 630
		Package 10: 1287 0 9 6 1684 124
		Package 11: 1331 0 26 6 750 483
		Package 12: 1368 0 24 6 1692 685
		Package 13: 1381 0 5 6 1297 162
		Package 14: 1414 0 22 6 417 844
		Package 15: 1511 0 5 6 1793 378
		Package 16: 1587 0 27 6 1584 759
	Number of Packages: 16

	Truck: WU-47-GV 394 351 15473
		Package 1: 1607 0 20 6 1572 1006
		Package 2: 1631 0 18 6 878 496
		Package 3: 1681 0 4 6 1807 687
		Package 4: 1692 0 29 6 1219 250
		Package 5: 1855 0 11 6 1772 882
		Package 6: 1866 0 22 6 1897 846
		Package 7: 1890 0 25 6 727 675
		Package 8: 1894 0 13 6 1570 581
		Package 9: 1917 0 26 6 262 100
		Package 10: 1965 0 27 6 1941 707
		Package 11: 1981 0 16 6 1559 452
		Package 12: 1982 0 22 6 721 540
		Package 13: 1985 0 17 6 600 451
		Package 14: 2003 0 13 6 1717 135
		Package 15: 2053 0 6 6 445 202
		Package 16: 2092 0 28 6 1076 1094
		Package 17: 2112 0 25 6 869 270
		Package 18: 2163 0 12 6 1222 651
		Package 19: 2169 0 7 6 1482 922
		Package 20: 2190 0 10 6 346 691
		Package 21: 2226 0 13 6 339 891
		Package 22: 2233 0 28 6 528 600
	Number of Packages: 22

	Truck: KV-72-RO 288 346 13476
		Package 1: 2238 0 13 6 1459 1024
		Package 2: 2304 0 28 6 969 669
		Package 3: 2346 0 25 6 518 211
		Package 4: 2360 0 8 6 1797 959
		Package 5: 2522 0 28 6 1596 621
		Package 6: 2565 0 16 6 1647 277
		Package 7: 2594 0 11 6 1062 827
		Package 8: 2595 0 7 6 1227 452
		Package 9: 2649 0 17 6 1098 936
		Package 10: 2711 0 17 6 1370 806
		Package 11: 2758 0 17 6 1974 513
		Package 12: 2760 0 7 6 963 648
		Package 13: 2779 0 12 6 515 144
		Package 14: 2792 0 14 6 1707 240
		Package 15: 2844 0 8 6 1733 153
		Package 16: 2894 0 14 6 1754 461
		Package 17: 2895 0 27 6 1126 480
	Number of Packages: 17

	Truck: TO-87-EB 268 346 14777
		Package 1: 2923 0 25 6 1071 874
		Package 2: 2966 0 9 6 1780 837
		Package 3: 2982 0 3 6 355 157
		Package 4: 10 0 3 7 1279 535
		Package 5: 55 0 27 7 339 909
		Package 6: 77 0 6 7 1541 330
		Package 7: 147 0 20 7 1321 270
		Package 8: 161 0 3 7 780 905
		Package 9: 208 0 14 7 481 986
		Package 10: 209 0 17 7 546 179
		Package 11: 295 0 22 7 1744 1026
		Package 12: 298 0 22 7 1466 968
		Package 13: 331 0 20 7 998 142
		Package 14: 336 0 24 7 1167 719
		Package 15: 338 0 20 7 1487 1011
		Package 16: 382 0 6 7 1449 898
		Package 17: 389 0 14 7 1221 773
	Number of Packages: 17

	Truck: AJ-19-FO 336 345 14342
		Package 1: 447 0 23 7 1143 366
		Package 2: 453 0 8 7 423 106
		Package 3: 495 0 24 7 945 100
		Package 4: 500 0 6 7 1897 351
		Package 5: 503 0 27 7 1025 900
		Package 6: 598 0 5 7 1087 428
		Package 7: 601 0 4 7 1874 992
		Package 8: 638 0 8 7 1218 164
		Package 9: 642 0 12 7 489 253
		Package 10: 650 0 11 7 1607 132
		Package 11: 663 0 15 7 1807 854
		Package 12: 720 0 16 7 381 1057
		Package 13: 726 0 13 7 1527 974
		Package 14: 755 0 7 7 1088 174
		Package 15: 758 0 8 7 1430 340
		Package 16: 762 0 8 7 572 799
		Package 17: 785 0 19 7 1904 909
		Package 18: 801 0 7 7 1036 566
		Package 19: 860 0 22 7 484 356
		Package 20: 882 0 13 7 1954 967
		Package 21: 894 0 16 7 353 349
		Package 22: 904 0 29 7 1022 118
		Package 23: 923 0 25 7 802 661
	Number of Packages: 23

	Truck: IO-64-MX 287 342 15977
		Package 1: 925 0 27 7 1808 521
		Package 2: 967 0 14 7 800 119
		Package 3: 973 0 13 7 1905 700
		Package 4: 1008 0 6 7 800 589
		Package 5: 1026 0 19 7 272 525
		Package 6: 1028 0 6 7 1957 177
		Package 7: 1032 0 8 7 317 756
		Package 8: 1074 0 14 7 1155 216
		Package 9: 1134 0 29 7 472 424
		Package 10: 1202 0 26 7 1991 869
		Package 11: 1237 0 19 7 769 508
		Package 12: 1265 0 29 7 410 261
		Package 13: 1349 0 18 7 1760 776
		Package 14: 1373 0 6 7 327 532
		Package 15: 1374 0 3 7 414 154
		Package 16: 1379 0 4 7 1800 831
		Package 17: 1390 0 20 7 1252 150
		Package 18: 1398 0 23 7 972 991
	Number of Packages: 18

	Truck: JT-75-KM 360 331 15444
		Package 1: 1408 0 9 7 653 838
		Package 2: 1411 0 20 7 1769 511
		Package 3: 1431 0 26 7 1703 689
		Package 4: 1488 0 14 7 1851 199
		Package 5: 1566 0 5 7 1931 989
		Package 6: 1609 0 3 7 1257 1023
		Package 7: 1736 0 6 7 1292 886
		Package 8: 1801 0 18 7 1905 380
		Package 9: 1901 0 12 7 1546 597
		Package 10: 1935 0 18 7 1532 630
		Package 11: 1947 0 26 7 878 947
		Package 12: 1971 0 11 7 914 920
		Package 13: 1973 0 22 7 1025 741
		Package 14: 2002 0 16 7 1937 963
		Package 15: 2006 0 22 7 956 550
		Package 16: 2048 0 27 7 628 1022
		Package 17: 2077 0 13 7 876 665
		Package 18: 2087 0 4 7 699 455
		Package 19: 2088 0 9 7 403 595
		Package 20: 2089 0 6 7 939 238
		Package 21: 2123 0 22 7 521 205
		Package 22: 2135 0 23 7 933 763
		Package 23: 2142 0 12 7 784 1089
	Number of Packages: 23

	Truck: VY-82-LI 355 322 13718
		Package 1: 2186 0 28 7 887 941
		Package 2: 2192 0 29 7 1668 636
		Package 3: 2193 0 26 7 517 158
		Package 4: 2202 0 27 7 901 897
		Package 5: 2210 0 27 7 1358 1084
		Package 6: 2224 0 27 7 1112 539
		Package 7: 2241 0 15 7 315 189
		Package 8: 2254 0 8 7 538 553
		Package 9: 2267 0 5 7 518 580
		Package 10: 2282 0 12 7 1175 875
		Package 11: 2337 0 27 7 1543 357
		Package 12: 2383 0 5 7 619 555
		Package 13: 2409 0 16 7 1051 995
		Package 14: 2454 0 29 7 1447 439
		Package 15: 2474 0 9 7 844 469
		Package 16: 2485 0 27 7 1308 954
		Package 17: 2490 0 16 7 399 373
		Package 18: 2530 0 6 7 1013 778
		Package 19: 2542 0 10 7 245 871
	Number of Packages: 19

	Truck: OM-91-SI 397 321 13931
		Package 1: 2549 0 9 7 408 1076
		Package 2: 2560 0 19 7 288 201
		Package 3: 2672 0 11 7 1917 988
		Package 4: 2678 0 6 7 206 953
		Package 5: 2710 0 20 7 1081 525
		Package 6: 2765 0 23 7 489 321
		Package 7: 2775 0 19 7 987 248
		Package 8: 2794 0 13 7 1797 469
		Package 9: 2863 0 4 7 1111 599
		Package 10: 2864 0 12 7 1698 555
		Package 11: 2951 0 23 7 336 418
		Package 12: 2985 0 23 7 516 417
		Package 13: 31 0 28 8 1007 483
		Package 14: 54 0 10 8 1759 913
		Package 15: 65 0 24 8 562 998
		Package 16: 118 0 5 8 209 900
		Package 17: 119 0 20 8 1011 163
		Package 18: 130 0 5 8 1414 200
		Package 19: 228 0 9 8 1366 342
		Package 20: 272 0 3 8 742 587
		Package 21: 302 0 20 8 712 717
		Package 22: 313 0 14 8 274 832
		Package 23: 340 0 20 8 511 446
		Package 24: 343 0 16 8 1608 849
		Package 25: 345 0 27 8 1309 758
	Number of Packages: 25

	Truck: ZK-08-LJ 325 316 13378
		Package 1: 349 0 19 8 1283 492
		Package 2: 395 0 3 8 1432 342
		Package 3: 397 0 22 8 1944 879
		Package 4: 412 0 23 8 484 250
		Package 5: 417 0 15 8 1274 527
		Package 6: 457 0 4 8 854 1041
		Package 7: 459 0 26 8 309 163
		Package 8: 492 0 27 8 263 211
		Package 9: 588 0 23 8 1295 1064
		Package 10: 678 0 18 8 841 424
		Package 11: 691 0 9 8 690 796
		Package 12: 705 0 11 8 1751 556
		Package 13: 707 0 20 8 1237 647
		Package 14: 749 0 12 8 1591 284
		Package 15: 870 0 17 8 361 1019
		Package 16: 944 0 24 8 1531 856
		Package 17: 951 0 15 8 526 1081
		Package 18: 975 0 13 8 1088 441
		Package 19: 979 0 12 8 1666 939
	Number of Packages: 19

	Truck: SS-46-DR 292 316 16581
		Package 1: 1011 0 21 8 449 833
		Package 2: 1033 0 3 8 812 771
		Package 3: 1106 0 26 8 804 522
		Package 4: 1139 0 20 8 1515 287
		Package 5: 1145 0 8 8 864 883
		Package 6: 1219 0 5 8 473 580
		Package 7: 1260 0 16 8 705 514
		Package 8: 1272 0 27 8 589 1039
		Package 9: 1303 0 29 8 1497 429
		Package 10: 1337 0 24 8 317 806
		Package 11: 1339 0 20 8 375 849
		Package 12: 1442 0 18 8 624 404
		Package 13: 1473 0 19 8 1422 797
		Package 14: 1504 0 20 8 326 842
		Package 15: 1575 0 13 8 471 381
		Package 16: 1579 0 19 8 1430 790
	Number of Packages: 16

	Truck: BT-24-SF 395 315 16790
		Package 1: 1592 0 28 8 1346 656
		Package 2: 1648 0 20 8 731 807
		Package 3: 1694 0 14 8 1601 806
		Package 4: 1728 0 22 8 429 622
		Package 5: 1757 0 29 8 1284 880
		Package 6: 1802 0 27 8 1150 741
		Package 7: 1812 0 16 8 674 346
		Package 8: 1836 0 4 8 1348 1097
		Package 9: 1857 0 24 8 611 790
		Package 10: 1989 0 29 8 1793 990
		Package 11: 2008 0 19 8 1714 968
		Package 12: 2011 0 27 8 1604 597
		Package 13: 2065 0 26 8 383 412
		Package 14: 2126 0 11 8 1641 1060
		Package 15: 2130 0 12 8 1677 204
		Package 16: 2137 0 25 8 786 1068
		Package 17: 2162 0 29 8 1143 439
		Package 18: 2180 0 6 8 1244 678
		Package 19: 2181 0 9 8 1190 933
	Number of Packages: 19

	Truck: HE-38-SA 259 310 16154
		Package 1: 2183 0 28 8 623 579
		Package 2: 2198 0 21 8 1239 1068
		Package 3: 2244 0 3 8 569 1029
		Package 4: 2274 0 19 8 1577 1074
		Package 5: 2275 0 3 8 876 551
		Package 6: 2328 0 18 8 1716 1053
		Package 7: 2393 0 18 8 1103 816
		Package 8: 2426 0 7 8 1540 262
		Package 9: 2448 0 13 8 1433 320
		Package 10: 2497 0 18 8 1015 883
		Package 11: 2520 0 27 8 712 395
		Package 12: 2529 0 27 8 395 805
		Package 13: 2556 0 17 8 531 255
		Package 14: 2609 0 22 8 1528 998
	Number of Packages: 14

	Truck: PS-75-SK 368 308 16575
		Package 1: 2648 0 23 8 1271 420
		Package 2: 2726 0 3 8 982 1095
		Package 3: 2798 0 10 8 1850 472
		Package 4: 2826 0 5 8 1056 468
		Package 5: 2930 0 15 8 1174 1097
		Package 6: 2932 0 17 8 1550 904
		Package 7: 37 0 13 9 469 339
		Package 8: 44 0 6 9 1776 750
		Package 9: 69 0 15 9 602 252
		Package 10: 87 0 20 9 886 395
		Package 11: 109 0 22 9 1598 314
		Package 12: 220 0 27 9 292 572
		Package 13: 319 0 27 9 417 301
		Package 14: 335 0 27 9 564 946
		Package 15: 422 0 17 9 642 888
		Package 16: 442 0 9 9 976 495
		Package 17: 455 0 28 9 1346 1043
		Package 18: 474 0 25 9 1499 105
		Package 19: 502 0 21 9 1078 259
		Package 20: 507 0 14 9 1866 390
		Package 21: 515 0 16 9 324 644
	Number of Packages: 21

	Truck: AW-41-BS 344 306 14015
		Package 1: 544 0 13 9 1114 263
		Package 2: 551 0 20 9 898 672
		Package 3: 617 0 19 9 793 523
		Package 4: 626 0 27 9 418 492
		Package 5: 627 0 25 9 906 854
		Package 6: 768 0 12 9 1698 1073
		Package 7: 819 0 12 9 1910 140
		Package 8: 843 0 22 9 549 851
		Package 9: 880 0 22 9 1126 228
		Package 10: 935 0 13 9 437 702
		Package 11: 936 0 12 9 1389 161
		Package 12: 965 0 8 9 1258 543
		Package 13: 966 0 6 9 1750 988
		Package 14: 1075 0 18 9 1838 1088
		Package 15: 1088 0 23 9 749 770
		Package 16: 1176 0 19 9 1836 931
		Package 17: 1181 0 12 9 1145 938
		Package 18: 1221 0 17 9 1659 1097
		Package 19: 1229 0 23 9 973 746
		Package 20: 1241 0 11 9 863 303
		Package 21: 1246 0 4 9 1424 269
	Number of Packages: 21

	Truck: SR-70-GX 382 304 14967
		Package 1: 1309 0 17 9 507 255
		Package 2: 1311 0 9 9 350 1050
		Package 3: 1317 0 9 9 284 1017
		Package 4: 1329 0 21 9 1049 692
		Package 5: 1347 0 14 9 1257 1093
		Package 6: 1395 0 15 9 666 941
		Package 7: 1484 0 20 9 985 524
		Package 8: 1555 0 20 9 1853 870
		Package 9: 1567 0 14 9 678 426
		Package 10: 1572 0 18 9 558 398
		Package 11: 1606 0 21 9 1778 744
		Package 12: 1610 0 12 9 341 1067
		Package 13: 1626 0 20 9 765 951
		Package 14: 1638 0 18 9 1632 394
		Package 15: 1665 0 3 9 1838 467
		Package 16: 1679 0 11 9 1932 377
		Package 17: 1686 0 5 9 1986 768
		Package 18: 1737 0 16 9 1194 746
		Package 19: 1738 0 26 9 740 488
		Package 20: 1785 0 19 9 1477 987
		Package 21: 1819 0 23 9 1608 417
		Package 22: 1830 0 3 9 1046 982
		Package 23: 1876 0 19 9 983 812
		Package 24: 1882 0 26 9 1371 356
	Number of Packages: 24

	Truck: QX-45-XL 287 304 15787
		Package 1: 1911 0 17 9 1165 214
		Package 2: 1926 0 8 9 1072 127
		Package 3: 1952 0 20 9 1552 887
		Package 4: 1956 0 4 9 927 784
		Package 5: 1977 0 6 9 1846 415
		Package 6: 2076 0 25 9 1236 254
		Package 7: 2122 0 9 9 707 650
		Package 8: 2199 0 8 9 1868 323
		Package 9: 2208 0 18 9 222 161
		Package 10: 2234 0 26 9 1988 408
		Package 11: 2243 0 15 9 1600 960
		Package 12: 2253 0 5 9 1191 805
		Package 13: 2260 0 7 9 1705 950
		Package 14: 2302 0 9 9 518 717
		Package 15: 2332 0 7 9 1762 603
		Package 16: 2335 0 18 9 769 348
		Package 17: 2344 0 11 9 877 587
		Package 18: 2371 0 29 9 1045 997
		Package 19: 2404 0 24 9 1358 944
		Package 20: 2410 0 6 9 509 852
		Package 21: 2440 0 13 9 1365 1090
	Number of Packages: 21

	Truck: QV-09-KU 365 301 13406
		Package 1: 2458 0 5 9 1373 811
		Package 2: 2536 0 16 9 1481 1000
		Package 3: 2538 0 5 9 1409 645
		Package 4: 2553 0 17 9 1248 111
		Package 5: 2566 0 16 9 1008 781
		Package 6: 2608 0 11 9 218 974
		Package 7: 2626 0 13 9 918 157
		Package 8: 2627 0 17 9 1876 901
		Package 9: 2662 0 29 9 1254 971
		Package 10: 2675 0 11 9 1328 765
		Package 11: 2704 0 13 9 606 609
		Package 12: 2705 0 13 9 232 1058
		Package 13: 2713 0 11 9 1582 559
		Package 14: 2737 0 18 9 1215 1040
		Package 15: 2755 0 23 9 1309 365
		Package 16: 2782 0 28 9 1379 942
		Package 17: 2820 0 8 9 1021 571
		Package 18: 2866 0 16 9 351 1047
		Package 19: 2902 0 7 9 1437 951
		Package 20: 2933 0 13 9 1113 120
		Package 21: 2939 0 11 9 755 361
		Package 22: 2942 0 18 9 612 117
		Package 23: 2943 0 20 9 796 1002
		Package 24: 2984 0 14 9 691 480
		Package 25: 83 0 6 10 1941 534
	Number of Packages: 25

	Truck: KO-82-SW 292 289 14548
		Package 1: 137 0 22 10 844 381
		Package 2: 141 0 4 10 388 1031
		Package 3: 173 0 8 10 1081 1096
		Package 4: 195 0 23 10 1571 516
		Package 5: 265 0 4 10 960 457
		Package 6: 279 0 8 10 1636 440
		Package 7: 296 0 9 10 1919 919
		Package 8: 314 0 9 10 1786 447
		Package 9: 372 0 9 10 1163 566
		Package 10: 429 0 24 10 1592 306
		Package 11: 475 0 4 10 1331 213
		Package 12: 555 0 13 10 720 816
		Package 13: 577 0 28 10 471 740
		Package 14: 614 0 14 10 490 324
		Package 15: 630 0 27 10 1904 156
		Package 16: 634 0 7 10 1458 717
		Package 17: 662 0 9 10 415 284
		Package 18: 737 0 11 10 1033 256
		Package 19: 792 0 23 10 1938 187
		Package 20: 815 0 18 10 1923 597
		Package 21: 825 0 7 10 1373 313
	Number of Packages: 21

	Truck: JF-79-KW 256 289 14860
		Package 1: 837 0 26 10 817 624
		Package 2: 859 0 17 10 943 119
		Package 3: 868 0 19 10 254 907
		Package 4: 874 0 27 10 1078 947
		Package 5: 914 0 15 10 277 706
		Package 6: 984 0 7 10 838 1095
		Package 7: 1012 0 28 10 1539 803
		Package 8: 1015 0 18 10 371 743
		Package 9: 1025 0 26 10 789 879
		Package 10: 1050 0 9 10 1887 322
		Package 11: 1119 0 22 10 1166 194
		Package 12: 1120 0 6 10 391 658
		Package 13: 1130 0 22 10 842 946
	Number of Packages: 13

	Truck: PB-90-IY 258 289 14932
		Package 1: 1135 0 26 10 1809 679
		Package 2: 1143 0 10 10 1738 511
		Package 3: 1189 0 27 10 1570 780
		Package 4: 1290 0 18 10 1151 855
		Package 5: 1366 0 14 10 1798 422
		Package 6: 1401 0 11 10 1157 200
		Package 7: 1418 0 28 10 559 598
		Package 8: 1433 0 29 10 1761 319
		Package 9: 1440 0 27 10 393 457
		Package 10: 1457 0 14 10 1654 182
		Package 11: 1482 0 6 10 536 157
		Package 12: 1497 0 25 10 983 894
		Package 13: 1536 0 23 10 1855 266
	Number of Packages: 13

	Truck: SW-32-OH 281 287 14581
		Package 1: 1569 0 18 10 1132 774
		Package 2: 1598 0 12 10 1755 845
		Package 3: 1635 0 4 10 570 681
		Package 4: 1637 0 4 10 483 943
		Package 5: 1682 0 23 10 745 120
		Package 6: 1752 0 18 10 618 905
		Package 7: 1786 0 18 10 1623 590
		Package 8: 1800 0 17 10 900 172
		Package 9: 1846 0 13 10 940 722
		Package 10: 1885 0 12 10 348 1096
		Package 11: 1912 0 18 10 908 898
		Package 12: 1959 0 20 10 1056 1060
		Package 13: 2010 0 11 10 1912 785
		Package 14: 2054 0 8 10 779 743
		Package 15: 2099 0 22 10 1347 668
		Package 16: 2107 0 12 10 1214 327
		Package 17: 2125 0 18 10 1059 163
		Package 18: 2139 0 16 10 480 925
		Package 19: 2167 0 7 10 1787 139
	Number of Packages: 19

	Truck: SE-25-FZ 343 277 15226
		Package 1: 2178 0 27 10 1078 881
		Package 2: 2356 0 26 10 1044 1037
		Package 3: 2364 0 7 10 1043 336
		Package 4: 2370 0 10 10 933 541
		Package 5: 2391 0 9 10 541 792
		Package 6: 2436 0 19 10 1510 540
		Package 7: 2445 0 27 10 1891 1061
		Package 8: 2515 0 29 10 621 687
		Package 9: 2557 0 14 10 341 481
		Package 10: 2558 0 22 10 433 785
		Package 11: 2607 0 13 10 615 609
		Package 12: 2618 0 22 10 873 1088
		Package 13: 2638 0 19 10 1035 680
		Package 14: 2719 0 10 10 1547 557
		Package 15: 2805 0 21 10 606 653
		Package 16: 2828 0 26 10 1855 115
		Package 17: 2862 0 9 10 1359 509
		Package 18: 2879 0 21 10 1348 768
	Number of Packages: 18

	Truck: RF-24-KE 255 275 13025
		Package 1: 2888 0 28 10 1661 695
		Package 2: 2901 0 3 10 1064 152
		Package 3: 2909 0 12 10 1935 414
		Package 4: 2925 0 8 10 1373 343
		Package 5: 2955 0 8 10 653 292
		Package 6: 2959 0 11 10 896 866
		Package 7: 2976 0 7 10 479 884
		Package 8: 2986 0 27 10 704 322
		Package 9: 22 0 14 11 832 488
		Package 10: 30 0 24 11 1538 634
		Package 11: 35 0 29 11 1614 1086
		Package 12: 40 0 24 11 699 268
		Package 13: 134 0 9 11 733 909
		Package 14: 153 0 3 11 578 907
		Package 15: 166 0 7 11 306 825
		Package 16: 234 0 28 11 670 207
	Number of Packages: 16

	Truck: IC-18-ES 265 274 14952
		Package 1: 237 0 18 11 826 815
		Package 2: 245 0 18 11 353 264
		Package 3: 273 0 28 11 1599 156
		Package 4: 286 0 15 11 1221 534
		Package 5: 300 0 14 11 1647 244
		Package 6: 316 0 5 11 231 444
		Package 7: 361 0 27 11 671 725
		Package 8: 366 0 23 11 548 102
		Package 9: 367 0 17 11 1370 582
		Package 10: 392 0 18 11 1107 945
		Package 11: 425 0 29 11 786 244
		Package 12: 437 0 12 11 1304 571
		Package 13: 440 0 14 11 1234 583
		Package 14: 446 0 23 11 1015 161
	Number of Packages: 14

	Truck: HJ-38-UB 378 272 15057
		Package 1: 528 0 25 11 341 882
		Package 2: 540 0 3 11 741 445
		Package 3: 586 0 15 11 272 551
		Package 4: 592 0 27 11 958 163
		Package 5: 593 0 21 11 1949 103
		Package 6: 624 0 9 11 1730 931
		Package 7: 710 0 22 11 366 1045
		Package 8: 802 0 18 11 1723 410
		Package 9: 818 0 16 11 692 701
		Package 10: 893 0 7 11 778 659
		Package 11: 917 0 21 11 1876 330
		Package 12: 927 0 26 11 1293 404
		Package 13: 939 0 17 11 1146 779
		Package 14: 970 0 26 11 1988 258
		Package 15: 1043 0 28 11 1217 565
		Package 16: 1062 0 21 11 1898 456
		Package 17: 1094 0 24 11 1222 510
		Package 18: 1148 0 21 11 360 553
		Package 19: 1165 0 4 11 891 707
		Package 20: 1172 0 5 11 1373 306
		Package 21: 1175 0 5 11 1388 535
		Package 22: 1196 0 14 11 577 1028
	Number of Packages: 22

	Truck: XE-51-DP 296 271 13742
		Package 1: 1315 0 23 11 842 591
		Package 2: 1325 0 14 11 1295 456
		Package 3: 1326 0 14 11 1178 232
		Package 4: 1364 0 29 11 322 831
		Package 5: 1384 0 14 11 680 162
		Package 6: 1434 0 21 11 1040 102
		Package 7: 1463 0 11 11 1142 296
		Package 8: 1478 0 14 11 913 1021
		Package 9: 1524 0 20 11 1473 514
		Package 10: 1526 0 23 11 1531 841
		Package 11: 1581 0 29 11 811 485
		Package 12: 1773 0 16 11 1082 361
		Package 13: 1783 0 18 11 1591 655
		Package 14: 1810 0 13 11 1830 432
		Package 15: 1829 0 4 11 1397 988
		Package 16: 1833 0 3 11 1459 909
		Package 17: 1859 0 10 11 1484 445
		Package 18: 1872 0 17 11 208 147
	Number of Packages: 18

	Truck: NO-53-SB 388 268 14521
		Package 1: 1995 0 19 11 1050 997
		Package 2: 2016 0 24 11 689 764
		Package 3: 2078 0 15 11 1760 214
		Package 4: 2115 0 20 11 750 127
		Package 5: 2121 0 7 11 1905 268
		Package 6: 2124 0 24 11 883 134
		Package 7: 2220 0 15 11 818 278
		Package 8: 2239 0 16 11 911 346
		Package 9: 2255 0 4 11 1451 813
		Package 10: 2261 0 7 11 1367 1024
		Package 11: 2293 0 13 11 1071 527
		Package 12: 2307 0 24 11 618 766
		Package 13: 2323 0 26 11 1065 530
		Package 14: 2352 0 23 11 624 785
		Package 15: 2372 0 17 11 531 335
		Package 16: 2444 0 9 11 379 642
		Package 17: 2493 0 11 11 244 771
		Package 18: 2523 0 12 11 1644 1093
		Package 19: 2580 0 20 11 711 811
		Package 20: 2591 0 11 11 1003 916
		Package 21: 2616 0 16 11 538 360
		Package 22: 2628 0 24 11 253 597
		Package 23: 2654 0 9 11 1532 1078
		Package 24: 2689 0 18 11 1334 640
	Number of Packages: 24

	Truck: QK-18-NG 335 265 15168
		Package 1: 2721 0 29 11 1380 572
		Package 2: 2733 0 20 11 546 743
		Package 3: 2734 0 9 11 548 540
		Package 4: 2763 0 4 11 473 524
		Package 5: 2784 0 13 11 1728 681
		Package 6: 2899 0 6 11 1738 380
		Package 7: 2903 0 26 11 466 1097
		Package 8: 2935 0 26 11 217 339
		Package 9: 2938 0 8 11 281 899
		Package 10: 2980 0 24 11 372 1037
		Package 11: 0 0 21 12 509 207
		Package 12: 12 0 16 12 1025 622
		Package 13: 27 0 28 12 1817 506
		Package 14: 50 0 14 12 1900 408
		Package 15: 110 0 13 12 1644 880
		Package 16: 116 0 19 12 206 787
		Package 17: 132 0 23 12 1248 777
		Package 18: 210 0 10 12 833 899
	Number of Packages: 18

	Truck: MF-13-CA 376 262 16090
		Package 1: 225 0 29 12 1170 827
		Package 2: 227 0 16 12 1626 213
		Package 3: 243 0 28 12 567 1100
		Package 4: 253 0 3 12 1945 343
		Package 5: 306 0 25 12 945 240
		Package 6: 368 0 12 12 1077 895
		Package 7: 387 0 29 12 675 148
		Package 8: 464 0 20 12 1467 590
		Package 9: 465 0 22 12 1297 993
		Package 10: 482 0 6 12 605 515
		Package 11: 505 0 20 12 1164 366
		Package 12: 582 0 10 12 496 369
		Package 13: 746 0 10 12 1534 278
		Package 14: 756 0 29 12 1605 906
		Package 15: 774 0 6 12 435 417
		Package 16: 789 0 9 12 1766 1077
		Package 17: 824 0 20 12 1967 635
		Package 18: 898 0 6 12 475 551
		Package 19: 937 0 8 12 819 157
		Package 20: 945 0 27 12 1216 151
		Package 21: 998 0 7 12 349 371
	Number of Packages: 21

	Truck: UP-77-BW 365 259 16982
		Package 1: 1007 0 11 12 1562 747
		Package 2: 1022 0 11 12 1459 444
		Package 3: 1077 0 25 12 1663 109
		Package 4: 1121 0 15 12 898 818
		Package 5: 1137 0 10 12 1214 1089
		Package 6: 1158 0 17 12 835 934
		Package 7: 1182 0 21 12 1014 353
		Package 8: 1225 0 26 12 1495 666
		Package 9: 1254 0 3 12 653 608
		Package 10: 1276 0 11 12 1532 777
		Package 11: 1314 0 21 12 405 158
		Package 12: 1322 0 6 12 584 986
		Package 13: 1365 0 17 12 750 878
		Package 14: 1371 0 24 12 562 925
		Package 15: 1454 0 25 12 1724 746
		Package 16: 1471 0 9 12 1815 1017
		Package 17: 1496 0 21 12 250 333
		Package 18: 1541 0 22 12 1768 795
		Package 19: 1608 0 11 12 932 902
		Package 20: 1630 0 21 12 1837 434
		Package 21: 1653 0 21 12 1794 893
	Number of Packages: 21

	Truck: IN-49-NR 285 258 13044
		Package 1: 1671 0 11 12 1931 900
		Package 2: 1678 0 20 12 497 129
		Package 3: 1687 0 23 12 584 774
		Package 4: 1700 0 16 12 1871 515
		Package 5: 1730 0 8 12 1314 693
		Package 6: 1768 0 7 12 719 597
		Package 7: 1778 0 10 12 603 180
		Package 8: 1779 0 6 12 250 176
		Package 9: 1794 0 15 12 1642 1011
		Package 10: 1806 0 18 12 938 1046
		Package 11: 1860 0 20 12 1138 857
		Package 12: 1899 0 15 12 1269 398
		Package 13: 1939 0 21 12 1683 856
		Package 14: 1964 0 21 12 618 618
		Package 15: 2033 0 23 12 1674 653
		Package 16: 2090 0 28 12 646 304
		Package 17: 2103 0 13 12 912 255
	Number of Packages: 17

	Truck: UW-05-RK 385 254 14819
		Package 1: 2145 0 22 12 1834 551
		Package 2: 2161 0 24 12 1949 876
		Package 3: 2164 0 20 12 1524 574
		Package 4: 2177 0 24 12 1226 242
		Package 5: 2257 0 29 12 228 316
		Package 6: 2314 0 17 12 1367 795
		Package 7: 2319 0 4 12 1120 900
		Package 8: 2395 0 5 12 705 446
		Package 9: 2434 0 23 12 1334 812
		Package 10: 2449 0 24 12 1200 298
		Package 11: 2465 0 14 12 989 380
		Package 12: 2476 0 13 12 1055 180
		Package 13: 2511 0 13 12 1314 195
		Package 14: 2513 0 11 12 1564 545
		Package 15: 2552 0 15 12 1074 909
		Package 16: 2615 0 11 12 1475 630
		Package 17: 2707 0 18 12 908 118
		Package 18: 2800 0 28 12 961 748
		Package 19: 2810 0 28 12 1580 325
		Package 20: 2818 0 23 12 624 743
		Package 21: 2829 0 6 12 294 278
	Number of Packages: 21

	Number of trucks: 50
	Number of packages (total, !express): 969
	Percentage of delivered packages: 35.8889%