Information: 
	Package: id priority volume weight reward duration

	Package 709 0 27 7 460 101
	Package 2486 0 25 26 703 101
	Package 70 0 22 8 1798 107
	Package 1864 0 29 15 606 111
	Package 2305 0 29 16 231 111
	Package 2577 0 12 10 365 111
	Package 583 0 9 7 919 115
	Package 212 0 26 5 980 116
	Package 1716 0 28 7 659 116
	Package 623 0 28 12 1687 132
	Package 1091 0 24 29 861 136
	Package 1170 0 9 29 1897 145
	Package 2378 0 14 23 1148 150
	Package 1557 0 23 9 1448 151
	Package 2952 0 21 7 1304 153
	Package 211 0 7 4 1919 156
	Package 787 0 19 29 351 157
	Package 2118 0 23 6 818 158
	Package 2318 0 17 3 558 160
	Package 2712 0 18 18 610 160
	Package 2764 0 14 5 1874 161
	Package 2977 0 27 18 1796 165
	Package 170 0 23 6 1446 167
	Package 1651 0 13 11 332 167
	Package 2833 0 26 25 1521 180
	Package 2012 0 22 11 1988 182
	Package 424 0 10 11 688 183
	Package 1451 0 12 13 1891 185
	Package 1209 0 20 11 269 189
	Package 1624 0 13 23 1683 195
	Package 2604 0 23 18 847 200
	Package 2437 0 29 29 1428 203
	Package 1691 0 6 17 913 208
	Package 822 0 6 25 236 216
	Package 2290 0 28 25 488 235
	Package 2832 0 23 24 731 241
	Package 1432 0 22 3 1592 245
	Package 856 0 10 9 1191 252
	Package 920 0 22 15 1015 256
	Package 509 0 15 21 1304 260
	Package 2021 0 17 10 276 264
	Package 1813 0 6 25 483 267
	Package 1670 0 11 11 546 270
	Package 2543 0 11 20 654 270
	Package 14 0 14 9 1191 273
	Package 532 0 11 22 595 276
	Package 1445 0 5 21 1620 276
	Package 203 0 8 25 1129 279
	Package 96 0 15 18 725 283
	Package 946 0 19 5 1552 291
	Package 963 0 15 11 1042 293
	Package 481 0 29 7 1479 294
	Package 1406 0 8 17 1441 294
	Package 2278 0 17 28 1118 303
	Package 1338 0 22 6 350 308
	Package 1446 0 18 18 1588 308
	Package 1828 0 27 8 892 309
	Package 1884 0 15 13 582 315
	Package 1064 0 12 6 1638 319
	Package 2738 0 14 13 1319 320
	Package 2861 0 28 8 1759 320
	Package 2983 0 20 25 830 323
	Package 999 0 27 3 1311 324
	Package 2385 0 23 23 1243 328
	Package 607 0 21 27 415 332
	Package 1295 0 18 9 1039 335
	Package 611 0 17 11 1339 342
	Package 2110 0 26 5 1025 345
	Package 193 0 29 27 1262 347
	Package 560 0 23 26 1780 355
	Package 1370 0 7 7 1583 355
	Package 565 0 27 7 992 364
	Package 1770 0 13 9 616 365
	Package 1966 0 22 6 929 374
	Package 2889 0 11 28 396 377
	Package 723 0 7 7 501 382
	Package 123 0 3 16 1977 388
	Package 1224 0 13 7 444 390
	Package 52 0 11 25 715 392
	Package 360 0 22 7 965 393
	Package 1734 0 17 3 683 395
	Package 964 0 4 15 1238 398
	Package 2225 0 13 28 215 398
	Package 2333 0 7 29 384 401
	Package 2911 0 16 23 930 401
	Package 224 0 6 3 1916 408
	Package 2956 0 26 4 1939 410
	Package 2143 0 18 21 1547 411
	Package 373 0 6 9 1328 417
	Package 1537 0 16 7 1842 418
	Package 1568 0 15 18 1666 421
	Package 2548 0 4 16 1590 424
	Package 1160 0 12 22 258 426
	Package 1871 0 26 11 631 446
	Package 2484 0 21 8 1070 447
	Package 1152 0 12 6 246 449
	Package 1815 0 21 9 1273 449
	Package 1928 0 3 17 1259 450
	Package 1633 0 5 5 1247 453
	Package 2753 0 25 4 1018 457
	Package 2836 0 27 26 320 463

Average time to make a delivery: 283 seconds.
Number of packages to be delivered: 300
Number of packages delivered: 101
Percentage of delivered packages: 33.6667%
