Information: 
	Package: id priority volume weight reward duration

	Package 709 0 27 7 460 101
	Package 2486 0 25 26 703 101
	Package 70 0 22 8 1798 107
	Package 1864 0 29 15 606 111
	Package 2305 0 29 16 231 111
	Package 2577 0 12 10 365 111
	Package 583 0 9 7 919 115
	Package 212 0 26 5 980 116
	Package 1716 0 28 7 659 116
	Package 623 0 28 12 1687 132
	Package 1091 0 24 29 861 136
	Package 1170 0 9 29 1897 145
	Package 2378 0 14 23 1148 150
	Package 1557 0 23 9 1448 151
	Package 2952 0 21 7 1304 153
	Package 211 0 7 4 1919 156
	Package 787 0 19 29 351 157
	Package 2118 0 23 6 818 158
	Package 2318 0 17 3 558 160
	Package 2712 0 18 18 610 160
	Package 2764 0 14 5 1874 161
	Package 2977 0 27 18 1796 165
	Package 170 0 23 6 1446 167
	Package 1651 0 13 11 332 167
	Package 2833 0 26 25 1521 180
	Package 2012 0 22 11 1988 182
	Package 424 0 10 11 688 183
	Package 1451 0 12 13 1891 185
	Package 1209 0 20 11 269 189
	Package 1624 0 13 23 1683 195
	Package 2604 0 23 18 847 200
	Package 2437 0 29 29 1428 203
	Package 1691 0 6 17 913 208
	Package 822 0 6 25 236 216
	Package 2290 0 28 25 488 235
	Package 2832 0 23 24 731 241
	Package 1432 0 22 3 1592 245
	Package 856 0 10 9 1191 252
	Package 920 0 22 15 1015 256
	Package 509 0 15 21 1304 260
	Package 2021 0 17 10 276 264
	Package 1813 0 6 25 483 267
	Package 1670 0 11 11 546 270
	Package 2543 0 11 20 654 270
	Package 14 0 14 9 1191 273
	Package 532 0 11 22 595 276
	Package 1445 0 5 21 1620 276
	Package 203 0 8 25 1129 279
	Package 96 0 15 18 725 283
	Package 946 0 19 5 1552 291
	Package 963 0 15 11 1042 293
	Package 481 0 29 7 1479 294
	Package 1406 0 8 17 1441 294
	Package 2278 0 17 28 1118 303
	Package 1338 0 22 6 350 308
	Package 1446 0 18 18 1588 308
	Package 1828 0 27 8 892 309
	Package 1884 0 15 13 582 315
	Package 1064 0 12 6 1638 319
	Package 2738 0 14 13 1319 320
	Package 2861 0 28 8 1759 320
	Package 2983 0 20 25 830 323
	Package 999 0 27 3 1311 324
	Package 2385 0 23 23 1243 328
	Package 607 0 21 27 415 332
	Package 1295 0 18 9 1039 335
	Package 611 0 17 11 1339 342
	Package 2110 0 26 5 1025 345
	Package 193 0 29 27 1262 347
	Package 560 0 23 26 1780 355
	Package 1370 0 7 7 1583 355
	Package 565 0 27 7 992 364
	Package 1770 0 13 9 616 365
	Package 1966 0 22 6 929 374
	Package 2889 0 11 28 396 377
	Package 723 0 7 7 501 382
	Package 123 0 3 16 1977 388
	Package 1224 0 13 7 444 390
	Package 52 0 11 25 715 392
	Package 360 0 22 7 965 393
	Package 1734 0 17 3 683 395
	Package 964 0 4 15 1238 398
	Package 2225 0 13 28 215 398
	Package 2333 0 7 29 384 401
	Package 2911 0 16 23 930 401
	Package 224 0 6 3 1916 408
	Package 2956 0 26 4 1939 410
	Package 2143 0 18 21 1547 411
	Package 373 0 6 9 1328 417
	Package 1537 0 16 7 1842 418
	Package 1568 0 15 18 1666 421
	Package 2548 0 4 16 1590 424
	Package 1160 0 12 22 258 426
	Package 1871 0 26 11 631 446
	Package 2484 0 21 8 1070 447
	Package 1152 0 12 6 246 449
	Package 1815 0 21 9 1273 449
	Package 1928 0 3 17 1259 450
	Package 1633 0 5 5 1247 453
	Package 2753 0 25 4 1018 457
	Package 2836 0 27 26 320 463
	Package 399 0 14 25 1914 465
	Package 969 0 26 23 508 466
	Package 1975 0 19 20 748 466
	Package 380 0 9 20 1788 467
	Package 2365 0 5 8 809 470
	Package 876 0 10 12 714 475
	Package 256 0 6 19 1155 476
	Package 2540 0 13 27 567 505
	Package 1316 0 18 4 1711 508
	Package 1900 0 23 28 1134 509
	Package 561 0 21 25 1652 510
	Package 2642 0 10 22 1613 512
	Package 748 0 14 8 1029 513
	Package 2419 0 6 15 341 518
	Package 2292 0 23 22 309 522
	Package 1987 0 27 20 1037 526
	Package 602 0 7 18 1135 527
	Package 1843 0 29 13 636 527
	Package 2171 0 29 15 1550 534
	Package 2748 0 20 8 1698 534
	Package 968 0 23 18 330 539
	Package 1081 0 21 28 1840 540
	Package 2644 0 24 14 1636 545
	Package 1762 0 16 7 1603 549
	Package 190 0 3 18 747 551
	Package 363 0 26 9 475 552
	Package 310 0 24 8 1412 554
	Package 163 0 15 28 1428 555
	Package 2201 0 14 13 584 555
	Package 1915 0 24 26 746 558
	Package 648 0 16 22 462 560
	Package 1171 0 26 11 1071 562
	Package 307 0 11 22 1368 563
	Package 2336 0 22 19 1052 566
	Package 2590 0 29 7 738 566
	Package 2783 0 28 21 1460 566
	Package 2877 0 7 16 722 581
	Package 858 0 27 22 716 588
	Package 1949 0 6 19 231 589
	Package 2324 0 8 26 1466 595
	Package 1960 0 4 25 669 598
	Package 1263 0 29 8 1072 599
	Package 247 0 18 11 1298 601
	Package 1038 0 29 26 1498 603
	Package 683 0 8 27 1143 610
	Package 931 0 9 7 501 612
	Package 873 0 18 11 1192 615
	Package 1296 0 20 24 1799 627
	Package 1506 0 6 7 412 627
	Package 1073 0 3 23 1757 630
	Package 1877 0 20 27 1501 636
	Package 2154 0 15 20 1786 647
	Package 136 0 22 14 206 657
	Package 674 0 22 27 219 659
	Package 1147 0 9 7 1323 661
	Package 2665 0 22 29 1436 661
	Package 1921 0 11 18 1504 669
	Package 938 0 22 27 387 670
	Package 111 0 6 6 364 671
	Package 462 0 21 18 1426 675
	Package 899 0 17 22 639 676
	Package 2136 0 7 12 536 676
	Package 463 0 24 11 348 678
	Package 2070 0 23 10 763 678
	Package 1628 0 4 27 1832 680
	Package 1281 0 3 9 900 681
	Package 2353 0 11 26 1434 681
	Package 2691 0 15 20 1440 681
	Package 1031 0 4 7 1926 686
	Package 2188 0 12 25 1429 687
	Package 2264 0 26 17 725 690
	Package 1649 0 22 7 1169 693
	Package 1173 0 9 7 317 699
	Package 1264 0 17 21 485 699
	Package 1416 0 6 15 362 700
	Package 779 0 12 7 1267 702
	Package 1270 0 25 21 1562 711
	Package 112 0 17 23 1754 723
	Package 539 0 9 29 820 723
	Package 2677 0 5 29 1488 723
	Package 2803 0 4 15 1598 728
	Package 257 0 10 28 1862 730
	Package 1017 0 17 24 666 730
	Package 432 0 16 13 1146 733
	Package 2029 0 8 22 1683 733
	Package 761 0 17 12 1796 742
	Package 250 0 21 19 948 752
	Package 1641 0 8 24 1553 756
	Package 24 0 4 25 709 758
	Package 1063 0 26 6 1137 759
	Package 374 0 23 26 1258 760
	Package 910 0 8 5 463 760
	Package 1709 0 25 5 538 764
	Package 2989 0 6 15 514 768
	Package 1748 0 6 15 1576 770
	Package 1873 0 19 5 1362 772
	Package 33 0 9 18 1607 777
	Package 773 0 18 21 848 791
	Package 420 0 10 19 1018 793
	Package 1259 0 12 3 779 798
	Package 2228 0 29 18 673 798
	Package 2890 0 12 13 652 805
	Package 386 0 17 4 1818 808
	Package 71 0 17 20 1703 815
	Package 980 0 26 23 1030 818
	Package 918 0 22 20 407 823
	Package 255 0 6 27 1586 825
	Package 2646 0 25 12 1341 826
	Package 2482 0 16 17 746 829
	Package 782 0 15 14 1785 832
	Package 2576 0 11 11 1070 832
	Package 85 0 22 24 1867 841
	Package 2403 0 6 28 1637 844
	Package 2235 0 19 18 1037 847
	Package 2306 0 29 23 1342 849
	Package 557 0 5 6 1540 851
	Package 2777 0 23 3 1193 856
	Package 2694 0 22 16 1068 857
	Package 832 0 26 8 1223 861
	Package 1067 0 17 28 1839 870
	Package 1222 0 11 16 627 870
	Package 2018 0 25 26 1527 872
	Package 2750 0 19 26 1410 873
	Package 191 0 25 28 1014 879
	Package 814 0 4 22 1889 879
	Package 1332 0 3 20 1379 879
	Package 2347 0 3 19 342 882
	Package 138 0 11 18 1328 883
	Package 2338 0 8 17 243 883
	Package 1380 0 20 19 336 885
	Package 2815 0 3 29 1800 891
	Package 120 0 29 27 1248 893
	Package 1704 0 18 9 1178 895
	Package 834 0 5 12 1235 896
	Package 2066 0 19 21 1438 896
	Package 2289 0 3 27 431 898
	Package 75 0 10 21 1176 901
	Package 2179 0 14 15 653 906
	Package 1279 0 19 28 1590 909
	Package 1528 0 12 13 430 911
	Package 1243 0 23 7 1663 915
	Package 1470 0 17 6 1660 916
	Package 1360 0 10 14 1932 921
	Package 1910 0 14 29 1550 921
	Package 1030 0 16 22 1821 923
	Package 1662 0 18 15 1490 928
	Package 1948 0 22 6 1199 928
	Package 391 0 20 16 576 933
	Package 1021 0 13 10 544 933
	Package 971 0 10 14 1496 935
	Package 2587 0 22 5 922 937
	Package 498 0 8 11 684 940
	Package 1904 0 24 11 1861 947
	Package 905 0 8 8 1506 954
	Package 2612 0 13 10 1131 958
	Package 1897 0 21 25 1337 959
	Package 537 0 12 19 548 962
	Package 888 0 17 5 767 962
	Package 414 0 22 21 1056 964
	Package 725 0 22 11 1405 971
	Package 1807 0 28 13 674 974
	Package 2586 0 19 14 788 978
	Package 1744 0 5 8 1119 980
	Package 2573 0 26 17 1580 981
	Package 770 0 24 20 1220 982
	Package 1382 0 21 8 889 982
	Package 2598 0 5 27 1187 984
	Package 1009 0 8 12 1514 985
	Package 1138 0 13 5 439 985
	Package 2880 0 3 26 1032 990
	Package 1574 0 25 24 431 991
	Package 2948 0 9 20 1790 991
	Package 269 0 22 22 1259 998
	Package 2453 0 29 17 1783 999
	Package 364 0 19 4 1736 1002
	Package 129 0 3 7 1566 1009
	Package 1057 0 21 26 692 1012
	Package 2571 0 11 20 603 1018
	Package 407 0 17 29 1949 1024
	Package 1825 0 26 22 1189 1024
	Package 2613 0 16 29 654 1025
	Package 1472 0 27 7 1616 1027
	Package 2735 0 28 27 682 1029
	Package 977 0 4 8 1158 1030
	Package 1929 0 16 28 1224 1033
	Package 7 0 12 7 1651 1039
	Package 2299 0 22 19 402 1042
	Package 1879 0 21 17 1120 1047
	Package 1715 0 13 24 642 1063
	Package 658 0 9 18 397 1064
	Package 2845 0 9 22 465 1064
	Package 578 0 26 20 1788 1066
	Package 1090 0 11 19 858 1073
	Package 2149 0 17 8 456 1077
	Package 902 0 20 20 1813 1078
	Package 2030 0 29 11 419 1081
	Package 2276 0 6 23 1122 1089
	Package 2876 0 23 10 207 1090
	Package 1238 0 7 5 845 1096

Average time to make a delivery: 616 seconds.
Number of packages to be delivered: 300
Number of packages delivered: 300
Percentage of delivered packages: 100%
